JOB 0
COORDS  2.0835020813e+00 -1.0603967666e+00 -1.1749011707e+00  1.9396368493e+00 -1.0464506395e+00 -1.0445671902e-01  3.0260555434e+00 -1.2105855866e+00  7.4051954021e-01  2.8496089340e+00 -1.1921315220e+00  2.1114825651e+00  1.5750277870e+00 -1.0076546219e+00  2.6408534493e+00  4.8343336175e-01 -8.5318005496e-01  1.7887943289e+00  6.6880065014e-01 -8.6778089522e-01  4.1999694743e-01 -1.7604332843e-01 -7.4285531053e-01 -2.4068985066e-01 -4.9683155667e-01 -7.2135175591e-01  2.2211785551e+00  1.3363210858e+00 -1.0078906867e+00  4.1002309048e+00  2.5320505394e-01 -1.1124340541e+00  4.6203452440e+00  2.4622292375e+00 -8.9331823035e-01  4.8243707431e+00  2.2443596670e+00 -9.0945430742e-01  5.7692419452e+00  3.6888327096e+00 -1.3199982162e+00  2.7771806538e+00  4.0134147451e+00 -1.3550525901e+00  3.2761190093e-01
ENERGY -2.617276992354e+01

JOB 1
COORDS  2.0844540853e+00 -1.0418941473e+00 -1.1741379880e+00  1.9401375629e+00 -1.0358936410e+00 -1.0374036544e-01  3.0207518328e+00 -1.2410685492e+00  7.3925899557e-01  2.8439259868e+00 -1.2315912278e+00  2.1105048385e+00  1.5758537613e+00 -1.0141836917e+00  2.6412106212e+00  4.8809408708e-01 -8.2834822011e-01  1.7915040935e+00  6.7438712071e-01 -8.2930101475e-01  4.2242727162e-01 -1.6680530963e-01 -6.7501864147e-01 -2.3674559245e-01 -4.9053624399e-01 -6.8067420843e-01  2.2224013185e+00  1.3412581693e+00 -1.0533494998e+00  4.1018494937e+00  3.0737825750e-01 -1.3862224383e+00  4.6242210238e+00  2.4243424391e+00 -7.0918985783e-01  4.8175438251e+00  2.2257993100e+00 -7.7160349683e-01  5.7649588585e+00  3.6790155201e+00 -1.3904258122e+00  2.7751076273e+00  4.0034962415e+00 -1.4117707913e+00  3.2539501615e-01
ENERGY -2.617192630198e+01

JOB 2
COORDS  2.0823492447e+00 -1.0229293641e+00 -1.1746737451e+00  1.9401998959e+00 -1.0261320683e+00 -1.0400952378e-01  3.0143107017e+00 -1.2726095670e+00  7.3555180904e-01  2.8382729610e+00 -1.2736887314e+00  2.1073345668e+00  1.5785464729e+00 -1.0245832249e+00  2.6418253198e+00  4.9523258970e-01 -8.0387738448e-01  1.7964015403e+00  6.8179973227e-01 -7.9098590945e-01  4.2687258962e-01 -1.5571013125e-01 -6.0580169252e-01 -2.2897440797e-01 -4.8114623964e-01 -6.3744927235e-01  2.2256363327e+00  1.3535898644e+00 -1.0994205047e+00  4.1052576715e+00  4.1862727755e-01 -1.6454773707e+00  4.6319184925e+00  2.3463723301e+00 -5.3457300223e-01  4.8099957587e+00  2.1774607623e+00 -6.3234041925e-01  5.7605067582e+00  3.6701041929e+00 -1.4627939101e+00  2.7684802967e+00  3.9915431661e+00 -1.4678728164e+00  3.1963557850e-01
ENERGY -2.617050780081e+01

JOB 3
COORDS  2.0783164869e+00 -9.9586566581e-01 -1.1750612443e+00  1.9391081444e+00 -1.0137599869e+00 -1.0425557681e-01  3.0078468152e+00 -1.3071877664e+00  7.2635764367e-01  2.8360243652e+00 -1.3272288295e+00  2.0988935466e+00  1.5870257975e+00 -1.0499551465e+00  2.6422064415e+00  5.0837160933e-01 -7.8242926972e-01  1.8064540811e+00  6.9081489680e-01 -7.5033436651e-01  4.3600885584e-01 -1.4360281231e-01 -5.2818348210e-01 -2.1230525991e-01 -4.6294474325e-01 -5.9340630169e-01  2.2379890319e+00  1.3771931461e+00 -1.1498765936e+00  4.1105319093e+00  5.8937730609e-01 -1.8830917488e+00  4.6473898020e+00  2.2195233102e+00 -3.6561118859e-01  4.7986171522e+00  2.0809854127e+00 -4.7764990993e-01  5.7528912552e+00  3.6656880272e+00 -1.5521384368e+00  2.7519068157e+00  3.9778250588e+00 -1.5238165452e+00  3.0413458356e-01
ENERGY -2.616878410453e+01

JOB 4
COORDS  2.0658236762e+00 -9.5684562112e-01 -1.1761254143e+00  1.9361479081e+00 -9.9726134005e-01 -1.0479194273e-01  3.0021654662e+00 -1.3440845711e+00  7.0814598104e-01  2.8415350846e+00 -1.3943120820e+00  2.0815637010e+00  1.6068433651e+00 -1.0943036303e+00  2.6431602318e+00  5.3233835150e-01 -7.6448590750e-01  1.8266589654e+00  7.0302090500e-01 -7.0712889795e-01  4.5482432958e-01 -1.3006262106e-01 -4.4107552840e-01 -1.7851072282e-01 -4.2898073910e-01 -5.4955354251e-01  2.2687002761e+00  1.4183744819e+00 -1.2028470139e+00  4.1181755102e+00  8.2369088243e-01 -2.0837035743e+00  4.6786892923e+00  2.0331706687e+00 -2.1066262378e-01  4.7756860121e+00  1.9150888503e+00 -3.1345568841e-01  5.7341421998e+00  3.6703903221e+00 -1.6629498623e+00  2.7192352608e+00  3.9620062189e+00 -1.5778653544e+00  2.7220535709e-01
ENERGY -2.616731621927e+01

JOB 5
COORDS  2.0490852496e+00 -9.2429646819e-01 -1.1756258241e+00  1.9337621777e+00 -9.8543292439e-01 -1.0364206878e-01  2.9978064637e+00 -1.3884834010e+00  6.8536087384e-01  2.8537545594e+00 -1.4680159714e+00  2.0594546257e+00  1.6377601395e+00 -1.1415041076e+00  2.6452017903e+00  5.6899283465e-01 -7.3948595738e-01  1.8547711947e+00  7.2112194188e-01 -6.6224059142e-01  4.8146594488e-01 -1.1000086726e-01 -3.4895003420e-01 -1.3254031129e-01 -3.7576524260e-01 -4.9093573274e-01  2.3147651151e+00  1.4730089987e+00 -1.2405544486e+00  4.1258747246e+00  1.1012532053e+00 -2.2147593928e+00  4.7218263265e+00  1.7945991226e+00 -9.3397147340e-02  4.7374874489e+00  1.6820307182e+00 -1.7617398375e-01  5.6987189359e+00  3.6804188715e+00 -1.7841290057e+00  2.6780293673e+00  3.9437246479e+00 -1.6421760717e+00  2.3061089394e-01
ENERGY -2.616672058048e+01

JOB 6
COORDS  2.0238983156e+00 -9.1087401306e-01 -1.1755538682e+00  1.9257099472e+00 -9.8196969358e-01 -1.0245919540e-01  2.9900921379e+00 -1.4298021215e+00  6.6193291120e-01  2.8664447572e+00 -1.5247666222e+00  2.0368281587e+00  1.6710777304e+00 -1.1693990617e+00  2.6487218174e+00  6.0783278769e-01 -7.0690004775e-01  1.8838450002e+00  7.3600057020e-01 -6.2313763556e-01  5.0861674103e-01 -9.3823149363e-02 -2.7182099333e-01 -8.6315998246e-02 -3.1624228797e-01 -4.2316897512e-01  2.3647835441e+00  1.5383119488e+00 -1.2544280516e+00  4.1318157707e+00  1.4097146879e+00 -2.2666544531e+00  4.7662480239e+00  1.5428778813e+00 -4.0131565404e-02  4.6977742952e+00  1.4390954184e+00 -1.1387309871e-01  5.6605939005e+00  3.6906592699e+00 -1.8784857758e+00  2.6379284971e+00  3.9199028056e+00 -1.7051231296e+00  1.8699943923e-01
ENERGY -2.616724824063e+01

JOB 7
COORDS  2.0038087742e+00 -9.1893640136e-01 -1.1765313307e+00  1.9193095660e+00 -9.8742910429e-01 -1.0204330826e-01  2.9796842493e+00 -1.4722864942e+00  6.4582531402e-01  2.8726607065e+00 -1.5653425127e+00  2.0217252364e+00  1.6979208442e+00 -1.1710126480e+00  2.6518016138e+00  6.4216500026e-01 -6.6378579222e-01  1.9034291547e+00  7.5187921855e-01 -5.8679191946e-01  5.2664580479e-01 -7.3146546116e-02 -2.0577601523e-01 -5.6606435190e-02 -2.6155268546e-01 -3.4446944191e-01  2.4000143523e+00  1.5964290045e+00 -1.2427548451e+00  4.1339544843e+00  1.7085418184e+00 -2.2410864406e+00  4.7950790157e+00  1.3076016764e+00 -4.9074613886e-02  4.6722053316e+00  1.2234053446e+00 -1.2621884425e-01  5.6363078227e+00  3.6901484433e+00 -1.9487672990e+00  2.6135650123e+00  3.8926974062e+00 -1.7768028658e+00  1.5638696905e-01
ENERGY -2.616864442011e+01

JOB 8
COORDS  1.9886730963e+00 -9.3930875241e-01 -1.1792224753e+00  1.9140605704e+00 -9.9722018451e-01 -1.0331791152e-01  2.9666302145e+00 -1.5128707118e+00  6.3580391060e-01  2.8713850995e+00 -1.5919213787e+00  2.0127836059e+00  1.7174240984e+00 -1.1528007744e+00  2.6543384806e+00  6.7010047585e-01 -6.1657975661e-01  1.9127970308e+00  7.6704968018e-01 -5.5328832290e-01  5.3473154052e-01 -5.1113479514e-02 -1.5000356424e-01 -4.3286744417e-02 -2.1645628101e-01 -2.6544067627e-01  2.4181731061e+00  1.6441545613e+00 -1.2154775829e+00  4.1344176728e+00  1.9849076384e+00 -2.1537229375e+00  4.8074671940e+00  1.1023117071e+00 -1.0853217938e-01  4.6656908676e+00  1.0504512819e+00 -1.9379979173e-01  5.6309683286e+00  3.6790644306e+00 -1.9982216535e+00  2.6026156841e+00  3.8629097269e+00 -1.8513469711e+00  1.3779874726e-01
ENERGY -2.617036086330e+01

JOB 9
COORDS  1.9715061133e+00 -9.6905724930e-01 -1.1828970395e+00  1.9069288260e+00 -1.0112477822e+00 -1.0554364994e-01  2.9508226793e+00 -1.5517053731e+00  6.2888977086e-01  2.8683765349e+00 -1.6096800419e+00  2.0070876944e+00  1.7361895746e+00 -1.1234446828e+00  2.6558132027e+00  6.9510310019e-01 -5.6835138808e-01  1.9176158786e+00  7.8091760296e-01 -5.2328175593e-01  5.3844919956e-01 -3.0319432662e-02 -1.0272562790e-01 -3.7068449345e-02 -1.7538410311e-01 -1.8674876927e-01  2.4283395000e+00  1.6838699788e+00 -1.1792633719e+00  4.1339537702e+00  2.2303402313e+00 -2.0124054923e+00  4.8120087637e+00  9.2598658420e-01 -2.0777917680e-01  4.6682265939e+00  9.1072627656e-01 -2.9661459184e-01  5.6340829070e+00  3.6672304224e+00 -2.0318946762e+00  2.5977501006e+00  3.8292584319e+00 -1.9263352585e+00  1.2505079473e-01
ENERGY -2.617184192566e+01

JOB 10
COORDS  1.9549870875e+00 -9.9939423768e-01 -1.1863607602e+00  1.9000821178e+00 -1.0255153206e+00 -1.0790993612e-01  2.9334414194e+00 -1.5898199884e+00  6.2394941266e-01  2.8626774277e+00 -1.6251127168e+00  2.0031200482e+00  1.7537231703e+00 -1.0925346466e+00  2.6572694761e+00  7.2016806646e-01 -5.2058151572e-01  1.9200813423e+00  7.9613620480e-01 -4.9380207012e-01  5.4004877717e-01 -6.8061231262e-03 -5.5669146386e-02 -3.4022712019e-02 -1.3439483443e-01 -1.0811538912e-01  2.4332932695e+00  1.7167859944e+00 -1.1395533839e+00  4.1348693982e+00  2.4373567390e+00 -1.8226228019e+00  4.8195694351e+00  7.7619504669e-01 -3.4322018370e-01  4.6699790496e+00  7.9483316190e-01 -4.2178068190e-01  5.6364323015e+00  3.6529694293e+00 -2.0618201822e+00  2.5947192369e+00  3.7933979129e+00 -2.0009929729e+00  1.1672069869e-01
ENERGY -2.617274859188e+01

JOB 11
COORDS  1.9376833463e+00 -1.0318958267e+00 -1.1880875583e+00  1.8918974458e+00 -1.0407084523e+00 -1.0893058940e-01  2.9138740792e+00 -1.6274923701e+00  6.2139079211e-01  2.8559176633e+00 -1.6392787990e+00  2.0013721641e+00  1.7711758701e+00 -1.0614683951e+00  2.6583320889e+00  7.4623155904e-01 -4.7267856692e-01  1.9218721450e+00  8.1143158262e-01 -4.6490874722e-01  5.4112969128e-01  1.7759382043e-02 -8.9532749309e-03 -3.2001254160e-02 -9.0433561200e-02 -2.7003142259e-02  2.4366087769e+00  1.7452535820e+00 -1.0947464362e+00  4.1362315885e+00  2.6010901807e+00 -1.5895811598e+00  4.8276185173e+00  6.5729631941e-01 -5.1119318609e-01  4.6669246980e+00  6.9960872821e-01 -5.6589042505e-01  5.6341948657e+00  3.6385180746e+00 -2.0896424383e+00  2.5929466546e+00  3.7542485688e+00 -2.0750940181e+00  1.1215645693e-01
ENERGY -2.617303431612e+01

JOB 12
COORDS  1.9199120615e+00 -1.0629611211e+00 -1.1883857142e+00  1.8836602355e+00 -1.0552764270e+00 -1.0885812701e-01  2.8923403061e+00 -1.6643077677e+00  6.2157648387e-01  2.8472829559e+00 -1.6530115717e+00  2.0022310415e+00  1.7877701653e+00 -1.0308317694e+00  2.6592356365e+00  7.7266433650e-01 -4.2544428630e-01  1.9231112846e+00  8.2771664376e-01 -4.3656779523e-01  5.4187133370e-01  4.4386541931e-02  3.7109189916e-02 -3.1067679780e-02 -4.5786255721e-02  5.2468393950e-02  2.4384078310e+00  1.7680236527e+00 -1.0466950957e+00  4.1378279895e+00  2.7114770644e+00 -1.3258307833e+00  4.8353945750e+00  5.7858603346e-01 -7.0134939302e-01  4.6585721888e+00  6.2891792760e-01 -7.2246907511e-01  5.6268550446e+00  3.6221863387e+00 -2.1176083336e+00  2.5929415965e+00  3.7124148132e+00 -2.1477594027e+00  1.1204555280e-01
ENERGY -2.617274859193e+01

JOB 13
COORDS  1.9029876608e+00 -1.0932338962e+00 -1.1868523114e+00  1.8751889815e+00 -1.0687702214e+00 -1.0737586337e-01  2.8692618451e+00 -1.6995188834e+00  6.2418172332e-01  2.8371716160e+00 -1.6662333475e+00  2.0052864486e+00  1.8045831785e+00 -9.9949470307e-01  2.6597614547e+00  7.9973781268e-01 -3.7872165961e-01  1.9236557977e+00  8.4455999063e-01 -4.0794177903e-01  5.4212283348e-01  7.1701520310e-02  8.2168517617e-02 -3.1179258675e-02 -1.0525861185e-03  1.2919321419e-01  2.4384026465e+00  1.7840533419e+00 -9.9769942608e-01  4.1397371598e+00  2.7616547916e+00 -1.0494982360e+00  4.8426783265e+00  5.4406334725e-01 -8.9994319276e-01  4.6461802939e+00  5.8501042514e-01 -8.8691108637e-01  5.6152811989e+00  3.6044170491e+00 -2.1457324906e+00  2.5941241490e+00  3.6682138465e+00 -2.2181980477e+00  1.1575443865e-01
ENERGY -2.617184192531e+01

JOB 14
COORDS  1.8869010865e+00 -1.1237511634e+00 -1.1850974298e+00  1.8670764704e+00 -1.0823702270e+00 -1.0603024782e-01  2.8446819714e+00 -1.7338792257e+00  6.2876415438e-01  2.8236111673e+00 -1.6785019759e+00  2.0100256110e+00  1.8194261163e+00 -9.6794173841e-01  2.6602269800e+00  8.2729621296e-01 -3.3169320871e-01  1.9218710273e+00  8.6262639640e-01 -3.8007375070e-01  5.4024860002e-01  1.0073971547e-01  1.2520170128e-01 -3.4521005419e-02  4.3827378137e-02  2.0627329887e-01  2.4331977904e+00  1.7934632355e+00 -9.4488320034e-01  4.1430370010e+00  2.7502839752e+00 -7.6662303624e-01  4.8516483970e+00  5.5431499844e-01 -1.1016718358e+00  4.6340583308e+00  5.7273351863e-01 -1.0595720385e+00  5.6033926448e+00  3.5821348781e+00 -2.1738876610e+00  2.5970200215e+00  3.6224357000e+00 -2.2871611764e+00  1.2391716218e-01
ENERGY -2.617036086293e+01

JOB 15
COORDS  1.8776824434e+00 -1.1475159601e+00 -1.1838117773e+00  1.8615657936e+00 -1.0920787089e+00 -1.0537643809e-01  2.8170699984e+00 -1.7669943115e+00  6.3643838732e-01  2.8015836751e+00 -1.6941567534e+00  2.0176222523e+00  1.8244835839e+00 -9.4164222948e-01  2.6591073548e+00  8.5254780028e-01 -2.8250690792e-01  1.9155736970e+00  8.8307137155e-01 -3.4903092584e-01  5.3421913497e-01  1.3648861516e-01  1.7414819045e-01 -4.4504926523e-02  8.7060265983e-02  2.8732536457e-01  2.4201383175e+00  1.7910699962e+00 -8.9000488656e-01  4.1451899715e+00  2.6770102737e+00 -4.8591954916e-01  4.8509845332e+00  6.1341304441e-01 -1.3071601336e+00  4.6321325861e+00  6.0774264364e-01 -1.2419902214e+00  5.6007679993e+00  3.5459494359e+00 -2.2101014917e+00  2.6052409316e+00  3.5748138796e+00 -2.3529067135e+00  1.3803701400e-01
ENERGY -2.616864441998e+01

JOB 16
COORDS  1.8815593642e+00 -1.1688357416e+00 -1.1837700208e+00  1.8603767389e+00 -1.1003735236e+00 -1.0623030271e-01  2.7862759938e+00 -1.7991804919e+00  6.5016778125e-01  2.7635605273e+00 -1.7112254378e+00  2.0308891714e+00  1.8088804705e+00 -9.1965840227e-01  2.6566764989e+00  8.7120293797e-01 -2.2959181129e-01  1.8990482171e+00  9.0580870477e-01 -3.1539225809e-01  5.1841921868e-01  1.8208609661e-01  2.2821275446e-01 -7.0388780018e-02  1.2535620059e-01  3.7714437615e-01  2.3902750059e+00  1.7699864762e+00 -8.3456199137e-01  4.1451889787e+00  2.5399579867e+00 -2.1830246902e-01  4.8314923067e+00  7.3069872034e-01 -1.5120522913e+00  4.6508899727e+00  7.1173556688e-01 -1.4320738001e+00  5.6186058185e+00  3.4861550993e+00 -2.2491117774e+00  2.6261233791e+00  3.5279119365e+00 -2.4155323729e+00  1.6437179201e-01
ENERGY -2.616724824059e+01

JOB 17
COORDS  1.9063454071e+00 -1.1829837130e+00 -1.1838648772e+00  1.8676320072e+00 -1.1052805576e+00 -1.0745899194e-01  2.7548331977e+00 -1.8288266783e+00  6.7133542789e-01  2.7082077333e+00 -1.7317931572e+00  2.0510529156e+00  1.7676188039e+00 -9.0616143718e-01  2.6526979286e+00  8.7880876092e-01 -1.7800401675e-01  1.8726556690e+00  9.3165585013e-01 -2.8068712821e-01  4.9361957041e-01  2.3989799158e-01  2.8517649818e-01 -1.1234171792e-01  1.5223002705e-01  4.6595482643e-01  2.3452440483e+00  1.7235761227e+00 -7.8645011953e-01  4.1403386036e+00  2.3327034541e+00  1.7008386840e-02  4.7929140153e+00  9.0896419824e-01 -1.6984403824e+00  4.6863615287e+00  8.9299311763e-01 -1.6061518723e+00  5.6531692705e+00  3.3998495395e+00 -2.2926095442e+00  2.6618332504e+00  3.4862366097e+00 -2.4712863428e+00  2.0420239626e-01
ENERGY -2.616672058050e+01

JOB 18
COORDS  1.9428046071e+00 -1.1797926441e+00 -1.1832261367e+00  1.8789346937e+00 -1.1009484088e+00 -1.0809415957e-01  2.7190134672e+00 -1.8572438902e+00  6.9180132314e-01  2.6387882206e+00 -1.7617532588e+00  2.0698602660e+00  1.7112776663e+00 -9.0503742460e-01  2.6491887030e+00  8.8114152661e-01 -1.3234657252e-01  1.8467938634e+00  9.6066072756e-01 -2.4020474548e-01  4.6969700665e-01  3.0830829231e-01  3.5338995803e-01 -1.5320534147e-01  1.7462812001e-01  5.4437283451e-01  2.3035437525e+00  1.6627576143e+00 -7.5995031632e-01  4.1322825295e+00  2.0749834754e+00  1.8402364600e-01  4.7509227253e+00  1.1343563598e+00 -1.8395911839e+00  4.7237990901e+00  1.1324388838e+00 -1.7318585725e+00  5.6889611673e+00  3.2909524805e+00 -2.3506106211e+00  2.6973321969e+00  3.4405066854e+00 -2.5229840383e+00  2.4210205146e-01
ENERGY -2.616731621918e+01

JOB 19
COORDS  1.9824274328e+00 -1.1696452518e+00 -1.1805960911e+00  1.8944467979e+00 -1.0946992537e+00 -1.0683336367e-01  2.6903640937e+00 -1.8825647120e+00  7.0803122179e-01  2.5786730363e+00 -1.7936296870e+00  2.0840381168e+00  1.6632396550e+00 -9.1183257147e-01  2.6466059170e+00  8.8406555046e-01 -1.0155503653e-01  1.8281411559e+00  9.9117774413e-01 -2.0598278541e-01  4.5334756396e-01  3.7562926332e-01  4.1282736231e-01 -1.8233247443e-01  1.9440289436e-01  5.9791199199e-01  2.2759344132e+00  1.5962129775e+00 -7.5294580545e-01  4.1231748595e+00  1.7812220763e+00  2.7689791283e-01  4.7161909590e+00  1.3641527954e+00 -1.9158068949e+00  4.7492387732e+00  1.3592500888e+00 -1.7856589066e+00  5.7112272295e+00  3.1938905686e+00 -2.4071828630e+00  2.7246723972e+00  3.4023978461e+00 -2.5666687372e+00  2.7091835965e-01
ENERGY -2.616878410455e+01

JOB 20
COORDS  2.0074460022e+00 -1.1586755454e+00 -1.1789972729e+00  1.9054811300e+00 -1.0890521425e+00 -1.0601346308e-01  2.6643353899e+00 -1.9068731878e+00  7.1534967936e-01  2.5343863698e+00 -1.8244260447e+00  2.0897928548e+00  1.6372779206e+00 -9.1814427891e-01  2.6452156359e+00  8.9545667321e-01 -7.8547013637e-02  1.8195045745e+00  1.0209778230e+00 -1.7628910379e-01  4.4645183375e-01  4.3523148369e-01  4.6516915351e-01 -1.9486223864e-01  2.2225500481e-01  6.3733234140e-01  2.2662401117e+00  1.5411089085e+00 -7.5957890551e-01  4.1160822823e+00  1.4896697931e+00  2.9558136139e-01  4.6937461185e+00  1.5743569141e+00 -1.9337034570e+00  4.7654294345e+00  1.5412857105e+00 -1.7852880062e+00  5.7237820618e+00  3.1202747574e+00 -2.4592566417e+00  2.7367414626e+00  3.3620089401e+00 -2.6087837671e+00  2.8329596239e-01
ENERGY -2.617050780079e+01

JOB 21
COORDS  2.0245868002e+00 -1.1503907413e+00 -1.1775936532e+00  1.9136926083e+00 -1.0838190620e+00 -1.0526677208e-01  2.6410095100e+00 -1.9292791264e+00  7.1733842118e-01  2.5017305012e+00 -1.8517560583e+00  2.0907516065e+00  1.6270662862e+00 -9.2137130440e-01  2.6441669162e+00  9.1246547052e-01 -5.9255352201e-02  1.8160010883e+00  1.0495315038e+00 -1.4942206352e-01  4.4408269040e-01  4.8803237822e-01  5.1175175258e-01 -1.9894488836e-01  2.5387114043e-01  6.6842334501e-01  2.2653723260e+00  1.4956755607e+00 -7.7349858581e-01  4.1107632085e+00  1.2113619973e+00  2.5207456889e-01  4.6764041840e+00  1.7633655135e+00 -1.9070851812e+00  4.7793880535e+00  1.6846815250e+00 -1.7522776304e+00  5.7337220756e+00  3.0636754852e+00 -2.5056139941e+00  2.7395870165e+00  3.3208065402e+00 -2.6490158050e+00  2.8598676451e-01
ENERGY -2.617192630192e+01

JOB 22
COORDS  2.0397402470e+00 -1.1397051725e+00 -1.1774271516e+00  1.9223690046e+00 -1.0777443482e+00 -1.0545339294e-01  2.6180372997e+00 -1.9500410141e+00  7.1696675160e-01  2.4713793375e+00 -1.8776009104e+00  2.0896492677e+00  1.6211153547e+00 -9.2412964836e-01  2.6435138879e+00  9.3104282665e-01 -4.1972535719e-02  1.8146326987e+00  1.0791446182e+00 -1.2410937180e-01  4.4368420832e-01  5.4055439510e-01  5.5584322710e-01 -1.9932412250e-01  2.8493142082e-01  6.9544556447e-01  2.2663058413e+00  1.4546566499e+00 -7.9343092105e-01  4.1070616868e+00  9.5111860869e-01  1.5240071416e-01  4.6606327138e+00  1.9390469222e+00 -1.8414878032e+00  4.7941694917e+00  1.8110004736e+00 -1.6948379804e+00  5.7442257905e+00  3.0093221230e+00 -2.5514825368e+00  2.7379558502e+00  3.2780935392e+00 -2.6876825012e+00  2.8516551588e-01
ENERGY -2.617276992351e+01

JOB 23
COORDS  2.0576180583e+00 -1.1259520200e+00 -1.1765927658e+00  1.9321568654e+00 -1.0698550389e+00 -1.0521099460e-01  2.5945828963e+00 -1.9696019272e+00  7.1525016074e-01  2.4389648236e+00 -1.9040534453e+00  2.0872114912e+00  1.6135344168e+00 -9.2984714983e-01  2.6431869150e+00  9.4941990794e-01 -2.7102446073e-02  1.8148630881e+00  1.1097357210e+00 -9.8646753632e-02  4.4480462618e-01  5.9506748569e-01  6.0092721340e-01 -1.9678510306e-01  3.1495398768e-01  7.1946550017e-01  2.2679600046e+00  1.4158270656e+00 -8.2057439906e-01  4.1043664813e+00  7.1508696517e-01  1.9816209695e-04  4.6434598662e+00  2.1005193289e+00 -1.7377497400e+00  4.8085143834e+00  1.9294621473e+00 -1.6135415478e+00  5.7549310337e+00  2.9504623079e+00 -2.5998188142e+00  2.7336135847e+00  3.2341608433e+00 -2.7243828317e+00  2.8218626583e-01
ENERGY -2.617303417705e+01

