JOB 0
COORDS  1.7652344254e+00 -1.1406732081e+00 -1.1016741678e+00  1.7967143519e+00 -1.1009899708e+00 -2.3127449221e-02  2.8387507272e+00 -1.7040516545e+00  6.6359581384e-01  2.8788019074e+00 -1.6488060151e+00  2.0434222613e+00  1.8678167304e+00 -1.0013822126e+00  2.7504637188e+00  8.2762814381e-01 -3.8927476920e-01  2.0544171939e+00  7.9863775885e-01 -4.3793432988e-01  6.7212896244e-01 -4.7730506110e-03  4.4978531492e-02  1.3600251407e-01  5.4589959973e-02  1.5892565421e-01  2.5773830244e+00  1.9680897212e+00 -9.7419088722e-01  4.2380961931e+00  2.9986689886e+00 -1.1458832446e+00  4.8281131912e+00  8.1770083759e-01 -7.6890236613e-01  4.9117254249e+00  3.9210500005e-02 -8.7503608725e-01  4.3499263529e+00  3.6837627395e+00 -2.1037910513e+00  2.6001401617e+00  3.6207190795e+00 -2.2135236270e+00  1.2114584190e-01
ENERGY -2.616171269390e+01

JOB 1
COORDS  1.7678671705e+00 -1.1417448067e+00 -1.1052331610e+00  1.7987524816e+00 -1.1003186927e+00 -2.6689124046e-02  2.8400981848e+00 -1.7035694753e+00  6.6102768768e-01  2.8800561631e+00 -1.6462479920e+00  2.0407880022e+00  1.8700071160e+00 -9.9507911709e-01  2.7459909639e+00  8.2982810210e-01 -3.8389748740e-01  2.0487638611e+00  8.0021085200e-01 -4.3568525113e-01  6.6696295303e-01 -3.2207707747e-03  4.5627904195e-02  1.2939899231e-01  5.7895527488e-02  1.6080905355e-01  2.5756824394e+00  1.9669692172e+00 -9.5706386092e-01  4.2318026208e+00  2.9798986341e+00 -1.1865614993e+00  4.8318058916e+00  8.2017987884e-01 -6.7881945416e-01  4.8963881059e+00  3.7818592460e-02 -9.6070884126e-01  4.4072844056e+00  3.6836858058e+00 -2.1024878685e+00  2.5984452337e+00  3.6215058655e+00 -2.2147878493e+00  1.1934016525e-01
ENERGY -2.615996214479e+01

JOB 2
COORDS  1.7735237367e+00 -1.1423585678e+00 -1.1116115655e+00  1.8030341845e+00 -1.0995399257e+00 -3.3001548428e-02  2.8437911381e+00 -1.7023719911e+00  6.5648921484e-01  2.8822744204e+00 -1.6443918594e+00  2.0360799292e+00  1.8716986012e+00 -9.9016666274e-01  2.7383471317e+00  8.3117484396e-01 -3.8076075833e-01  2.0399993369e+00  8.0284136137e-01 -4.3495449369e-01  6.5852518016e-01 -7.3572826481e-04  4.4013873928e-02  1.1911327316e-01  5.9566910417e-02  1.5911367852e-01  2.5711017052e+00  1.9609908645e+00 -9.4568293093e-01  4.2222495775e+00  2.9519525252e+00 -1.2278115673e+00  4.8353835352e+00  8.1875923395e-01 -5.9239842663e-01  4.8733959186e+00  4.2571675442e-02 -1.0278574338e+00  4.5047499681e+00  3.6846833445e+00 -2.1010880091e+00  2.5952332268e+00  3.6254257088e+00 -2.2142801639e+00  1.1570415395e-01
ENERGY -2.615732838851e+01

JOB 3
COORDS  1.7850090042e+00 -1.1368146723e+00 -1.1211784050e+00  1.8103456726e+00 -1.0959247598e+00 -4.2330016527e-02  2.8504964705e+00 -1.6979540190e+00  6.4908320856e-01  2.8842657753e+00 -1.6428528353e+00  2.0288118054e+00  1.8700926047e+00 -9.9052454656e-01  2.7285859587e+00  8.2987880964e-01 -3.8288597291e-01  2.0280986059e+00  8.0529433144e-01 -4.3569896507e-01  6.4688113268e-01  1.5818226444e-03  4.0485834541e-02  1.0520399331e-01  5.5879393011e-02  1.4859338802e-01  2.5631118703e+00  1.9493363838e+00 -9.4607400591e-01  4.2102333606e+00  2.9157964688e+00 -1.2750075839e+00  4.8379326195e+00  8.1619775374e-01 -5.1198631172e-01  4.8460295134e+00  5.7066611965e-02 -1.0666835643e+00  4.6424416260e+00  3.6853622482e+00 -2.1002267096e+00  2.5893109581e+00  3.6349494703e+00 -2.2069805143e+00  1.0954280638e-01
ENERGY -2.615456200361e+01

JOB 4
COORDS  1.8025497219e+00 -1.1273847711e+00 -1.1332819447e+00  1.8208621010e+00 -1.0906472393e+00 -5.4075651629e-02  2.8600805022e+00 -1.6911204139e+00  6.4057474189e-01  2.8859022272e+00 -1.6424863848e+00  2.0204827490e+00  1.8646996378e+00 -9.9575316698e-01  2.7161968677e+00  8.2442985735e-01 -3.9111148041e-01  2.0129346373e+00  8.0775215500e-01 -4.3892162378e-01  6.3170675283e-01  4.1509495169e-03  3.3874412815e-02  8.6895503062e-02  4.5365753765e-02  1.2896818341e-01  2.5508008013e+00  1.9291472176e+00 -9.5850951223e-01  4.1957072780e+00  2.8728462897e+00 -1.3253088097e+00  4.8365547622e+00  8.1339903865e-01 -4.4100923157e-01  4.8144934309e+00  8.4915492301e-02 -1.0676539482e+00  4.8165609711e+00  3.6857893730e+00 -2.0992330585e+00  2.5833249897e+00  3.6496625038e+00 -2.1942381938e+00  1.0288314867e-01
ENERGY -2.615266177049e+01

JOB 5
COORDS  1.8260023175e+00 -1.1114271755e+00 -1.1475763871e+00  1.8345474085e+00 -1.0827488901e+00 -6.7932863799e-02  2.8722144954e+00 -1.6804500671e+00  6.3169577271e-01  2.8851981990e+00 -1.6420426257e+00  2.0119734706e+00  1.8533085593e+00 -1.0068708162e+00  2.7032322981e+00  8.1367512656e-01 -4.0692303147e-01  1.9950303573e+00  8.0961444767e-01 -4.4502468994e-01  6.1352724890e-01  6.2971802167e-03  2.3641448177e-02  6.4719697791e-02  2.5104256263e-02  9.7821328476e-02  2.5327609917e+00  1.8997871848e+00 -9.8476678100e-01  4.1816034081e+00  2.8238412094e+00 -1.3846559978e+00  4.8327016725e+00  8.1359313052e-01 -3.8399863967e-01  4.7813436128e+00  1.3438539776e-01 -1.0226276622e+00  5.0130069205e+00  3.6836690324e+00 -2.0968623079e+00  2.5783985358e+00  3.6703148755e+00 -2.1735993300e+00  9.7274301516e-02
ENERGY -2.615264090741e+01

JOB 6
COORDS  1.8521830766e+00 -1.0927061640e+00 -1.1607892434e+00  1.8490201936e+00 -1.0734545027e+00 -8.0840211266e-02  2.8842335149e+00 -1.6677905396e+00  6.2528096800e-01  2.8820160009e+00 -1.6415196313e+00  2.0058502046e+00  1.8371184649e+00 -1.0205598068e+00  2.6904306083e+00  7.9861700867e-01 -4.2561971147e-01  1.9766977367e+00  8.1046133658e-01 -4.5201995942e-01  5.9492824220e-01  8.0651310030e-03  1.2393894024e-02  4.1169460055e-02 -2.0788522817e-03  6.2480295915e-02  2.5111995298e+00  1.8644636305e+00 -1.0161122555e+00  4.1688072952e+00  2.7727895320e+00 -1.4447172497e+00  4.8270557774e+00  8.1190891401e-01 -3.4974981524e-01  4.7476210989e+00  2.1182461881e-01 -9.4827303402e-01  5.2015791505e+00  3.6784101357e+00 -2.0937152097e+00  2.5773337299e+00  3.6925201150e+00 -2.1491715485e+00  9.5434690532e-02
ENERGY -2.615497062288e+01

JOB 7
COORDS  1.8781495193e+00 -1.0764576536e+00 -1.1710698334e+00  1.8624676714e+00 -1.0653860862e+00 -9.1095566133e-02  2.8966536199e+00 -1.6534023551e+00  6.2151961160e-01  2.8774568929e+00 -1.6379388694e+00  2.0021571360e+00  1.8185233960e+00 -1.0337154581e+00  2.6795403963e+00  7.8028853887e-01 -4.4626005816e-01  1.9597416553e+00  8.0884918625e-01 -4.6229019509e-01  5.7797932511e-01  6.6391114849e-03 -4.3609729021e-03  1.8556531610e-02 -3.3887502768e-02  2.4598220052e-02  2.4888391021e+00  1.8283876185e+00 -1.0446254665e+00  4.1582480503e+00  2.7179557128e+00 -1.5064188120e+00  4.8231435473e+00  8.0695981458e-01 -3.3207847977e-01  4.7179659736e+00  3.1436621186e-01 -8.5547609936e-01  5.3592634566e+00  3.6721523672e+00 -2.0854897969e+00  2.5795940768e+00  3.7165906625e+00 -2.1212331550e+00  9.7375574428e-02
ENERGY -2.615916451511e+01

JOB 8
COORDS  1.8988872119e+00 -1.0642944009e+00 -1.1789893036e+00  1.8727223929e+00 -1.0585914856e+00 -9.9161582541e-02  2.9016936783e+00 -1.6466958882e+00  6.2065088669e-01  2.8694434772e+00 -1.6383787999e+00  2.0012418367e+00  1.8021968676e+00 -1.0411683012e+00  2.6708666048e+00  7.6887111799e-01 -4.5414865894e-01  1.9441387202e+00  8.1038145392e-01 -4.6278104975e-01  5.6255418804e-01  1.1649645093e-02 -5.2384393361e-03 -2.2020855234e-03 -5.3156805232e-02  8.5722313941e-03  2.4677700825e+00  1.7990665535e+00 -1.0595178949e+00  4.1496603314e+00  2.6824184080e+00 -1.5241133775e+00  4.8236025509e+00  7.7324676157e-01 -3.5830289822e-01  4.6950932323e+00  4.2610626903e-01 -8.0019000640e-01  5.4800685747e+00  3.6598997883e+00 -2.0862395537e+00  2.5842369610e+00  3.7281260008e+00 -2.1094467148e+00  1.0222803996e-01
ENERGY -2.616412358839e+01

JOB 9
COORDS  1.9170157341e+00 -1.0518964524e+00 -1.1844073148e+00  1.8817403248e+00 -1.0517467056e+00 -1.0482404955e-01  2.9074837289e+00 -1.6386410173e+00  6.2029724788e-01  2.8624768892e+00 -1.6375865235e+00  2.0006853894e+00  1.7873788222e+00 -1.0487432449e+00  2.6644338316e+00  7.5760870790e-01 -4.6268165322e-01  1.9323404173e+00  8.1087735258e-01 -4.6478252350e-01  5.5107924786e-01  1.4437334892e-02 -8.7615059960e-03 -1.8137005887e-02 -7.1708455317e-02 -7.8965582595e-03  2.4511694966e+00  1.7732893668e+00 -1.0739759448e+00  4.1431246634e+00  2.6438080444e+00 -1.5545251973e+00  4.8245058725e+00  7.3990320482e-01 -3.9174898614e-01  4.6808940055e+00  5.3719813023e-01 -7.2721749100e-01  5.5654997440e+00  3.6494723696e+00 -2.0853833708e+00  2.5883130163e+00  3.7405712657e+00 -2.0949480631e+00  1.0678447539e-01
ENERGY -2.616868739924e+01

JOB 10
COORDS  1.9295997885e+00 -1.0419317772e+00 -1.1872751638e+00  1.8880280956e+00 -1.0462175852e+00 -1.0791474115e-01  2.9112653352e+00 -1.6327775626e+00  6.2083141491e-01  2.8579466908e+00 -1.6378899486e+00  2.0009956521e+00  1.7770061730e+00 -1.0547325376e+00  2.6597946250e+00  7.4987203818e-01 -4.6768297120e-01  1.9249997670e+00  8.1148716413e-01 -4.6527365228e-01  5.4408346458e-01  1.7022060084e-02 -9.6578592264e-03 -2.8169380074e-02 -8.4035622247e-02 -1.7957883757e-02  2.4407982213e+00  1.7556163487e+00 -1.0842057432e+00  4.1380139996e+00  2.6168335977e+00 -1.5726145196e+00  4.8267461092e+00  6.9835630913e-01 -4.4529196203e-01  4.6712270085e+00  6.3167787209e-01 -6.5315364979e-01  5.6154453424e+00  3.6421320480e+00 -2.0866048435e+00  2.5917026241e+00  3.7487449219e+00 -2.0845427423e+00  1.1048009379e-01
ENERGY -2.617188384415e+01

JOB 11
COORDS  1.9383912529e+00 -1.0316317243e+00 -1.1876783939e+00  1.8918531469e+00 -1.0403530874e+00 -1.0858067097e-01  2.9140121225e+00 -1.6275713004e+00  6.2122621891e-01  2.8558726450e+00 -1.6394848341e+00  2.0012659522e+00  1.7711307260e+00 -1.0619395112e+00  2.6582670754e+00  7.4616287496e-01 -4.7296391459e-01  1.9219773695e+00  8.1096303612e-01 -4.6471120734e-01  5.4126413036e-01  1.7283805472e-02 -8.5561014810e-03 -3.1778662080e-02 -9.0445425663e-02 -2.7809334175e-02  2.4371901011e+00  1.7453979085e+00 -1.0948666235e+00  4.1361303246e+00  2.6008502046e+00 -1.5892391563e+00  4.8282333557e+00  6.5734990883e-01 -5.1099724699e-01  4.6661220628e+00  6.9993891097e-01 -5.6532112221e-01  5.6333332705e+00  3.6383157712e+00 -2.0900452790e+00  2.5928486699e+00  3.7544759324e+00 -2.0750447950e+00  1.1193823343e-01
ENERGY -2.617303385685e+01

JOB 12
COORDS  1.9423589462e+00 -1.0188111898e+00 -1.1865387326e+00  1.8947337428e+00 -1.0340659029e+00 -1.0752777807e-01  2.9169171570e+00 -1.6225338643e+00  6.2115909686e-01  2.8556220752e+00 -1.6421013202e+00  2.0008628488e+00  1.7681612375e+00 -1.0707594156e+00  2.6592838328e+00  7.4364731006e-01 -4.7896277309e-01  1.9246387766e+00  8.1167268275e-01 -4.6493713362e-01  5.4409256850e-01  1.8031128425e-02 -7.8297736634e-03 -2.8113561780e-02 -9.5359669728e-02 -3.8478998217e-02  2.4401422873e+00  1.7418525834e+00 -1.1091454935e+00  4.1372193448e+00  2.5956212908e+00 -1.6110535645e+00  4.8255198551e+00  6.2335683425e-01 -5.8119419724e-01  4.6668987331e+00  7.3808399819e-01 -4.6034786156e-01  5.6215896631e+00  3.6374454709e+00 -2.0950960346e+00  2.5914341627e+00  3.7594080330e+00 -2.0652177153e+00  1.1109794024e-01
ENERGY -2.617188384122e+01

JOB 13
COORDS  1.9439867769e+00 -1.0030205783e+00 -1.1828508916e+00  1.8959675676e+00 -1.0259639927e+00 -1.0400330818e-01  2.9198629146e+00 -1.6162065522e+00  6.2101215783e-01  2.8577855714e+00 -1.6460847664e+00  2.0004149190e+00  1.7685114192e+00 -1.0829338861e+00  2.6633454925e+00  7.4336020043e-01 -4.8850463883e-01  1.9315161013e+00  8.1075107803e-01 -4.6501157114e-01  5.5107014882e-01  1.5636617100e-02 -6.5888631263e-03 -1.8070194361e-02 -9.7549315344e-02 -5.4727989267e-02  2.4496751582e+00  1.7425057022e+00 -1.1297618481e+00  4.1413487381e+00  2.5948292523e+00 -1.6432847721e+00  4.8216789977e+00  5.9996964144e-01 -6.4533595594e-01  4.6728183693e+00  7.5159578994e-01 -3.3869024035e-01  5.5778783972e+00  3.6404116414e+00 -2.1017995556e+00  2.5877908273e+00  3.7639279636e+00 -2.0526200277e+00  1.0813412434e-01
ENERGY -2.616868739471e+01

JOB 14
COORDS  1.9446558392e+00 -9.8135555374e-01 -1.1763472292e+00  1.8967925445e+00 -1.0149721292e+00 -9.7772210866e-02  2.9235790491e+00 -1.6070328401e+00  6.2191689254e-01  2.8621585191e+00 -1.6515746101e+00  2.0008237984e+00  1.7698344292e+00 -1.0998099302e+00  2.6689980355e+00  7.4182817499e-01 -5.0315260651e-01  1.9425746431e+00  8.0848137345e-01 -4.6622580516e-01  5.6244160796e-01  1.0736047037e-02 -6.8985602463e-03 -2.2602500087e-03 -1.0203528881e-01 -8.0003835830e-02  2.4649438570e+00  1.7438508674e+00 -1.1595768666e+00  4.1464720475e+00  2.5897002815e+00 -1.6921276373e+00  4.8182492012e+00  5.8911913643e-01 -6.9195665982e-01  4.6844649821e+00  7.5636174577e-01 -2.0175515475e-01  5.4991357891e+00  3.6468112254e+00 -2.1099508743e+00  2.5834858945e+00  3.7696788765e+00 -2.0341421741e+00  1.0463197858e-01
ENERGY -2.616412357311e+01

JOB 15
COORDS  1.9436556884e+00 -9.5774686327e-01 -1.1672883018e+00  1.8968463339e+00 -1.0030844052e+00 -8.9110996634e-02  2.9265302056e+00 -1.5992575233e+00  6.2324622731e-01  2.8660352281e+00 -1.6586337199e+00  2.0014996622e+00  1.7720157372e+00 -1.1179948406e+00  2.6768552445e+00  7.4083931701e-01 -5.1774947692e-01  1.9574623157e+00  8.0683887308e-01 -4.6593493422e-01  5.7786122622e-01  6.7701835380e-03 -4.1271071792e-03  1.8560204783e-02 -1.0585535944e-01 -1.0582422829e-01  2.4846812904e+00  1.7466811696e+00 -1.1926938506e+00  4.1535312613e+00  2.5937540428e+00 -1.7314971790e+00  4.8159724646e+00  5.8430448398e-01 -7.3557231782e-01  4.7051138892e+00  7.4669485653e-01 -7.2022477119e-02  5.3842213722e+00  3.6528351080e+00 -2.1204918867e+00  2.5784824400e+00  3.7736069524e+00 -2.0179044280e+00  1.0067073745e-01
ENERGY -2.615916451957e+01

JOB 16
COORDS  1.9432542846e+00 -9.2765994815e-01 -1.1555325261e+00  1.8962135847e+00 -9.8792766724e-01 -7.8116442459e-02  2.9319579524e+00 -1.5813027387e+00  6.2803412330e-01  2.8713914012e+00 -1.6607716813e+00  2.0052353158e+00  1.7705300406e+00 -1.1412390329e+00  2.6865885904e+00  7.3272681227e-01 -5.4503580006e-01  1.9728943760e+00  7.9856861824e-01 -4.7357526482e-01  5.9424181020e-01 -7.2293534508e-03 -1.5325936661e-02  4.0287043711e-02 -1.2148950396e-01 -1.5392998589e-01  2.5043058529e+00  1.7415560525e+00 -1.2388603941e+00  4.1617148102e+00  2.5707986420e+00 -1.8107868799e+00  4.8154003260e+00  6.0106629350e-01 -7.3186106506e-01  4.7354519092e+00  7.7460816662e-01  7.1680666782e-02  5.2340629708e+00  3.6631812171e+00 -2.1213116363e+00  2.5764527644e+00  3.7844186124e+00 -1.9826278736e+00  1.0073811309e-01
ENERGY -2.615497062514e+01

JOB 17
COORDS  1.9447517695e+00 -8.9621645634e-01 -1.1407221136e+00  1.8960016054e+00 -9.7138070614e-01 -6.4385896517e-02  2.9360782027e+00 -1.5647118255e+00  6.3538463835e-01  2.8733716940e+00 -1.6634743275e+00  2.0112931729e+00  1.7672486531e+00 -1.1628301675e+00  2.6982618005e+00  7.2445312128e-01 -5.6860970414e-01  1.9898799999e+00  7.9170016181e-01 -4.7749761621e-01  6.1249312921e-01 -1.8319042504e-02 -2.0981054679e-02  6.3296055219e-02 -1.3745272942e-01 -1.9677104612e-01  2.5233778297e+00  1.7335516212e+00 -1.2860274488e+00  4.1720040923e+00  2.5470794022e+00 -1.8862187993e+00  4.8167186007e+00  6.3001935362e-01 -7.1668037743e-01  4.7707449260e+00  8.0126326595e-01  1.8591915739e-01  5.0515072455e+00  3.6686255552e+00 -2.1241216089e+00  2.5775347582e+00  3.7931801866e+00 -1.9509332568e+00  1.0437079925e-01
ENERGY -2.615264090863e+01

JOB 18
COORDS  1.9453436361e+00 -8.6860046340e-01 -1.1250383585e+00  1.8950005460e+00 -9.5628610437e-01 -4.9795148389e-02  2.9383789033e+00 -1.5492212719e+00  6.4509445717e-01  2.8738923366e+00 -1.6642574573e+00  2.0197893974e+00  1.7635851832e+00 -1.1790056660e+00  2.7103583497e+00  7.1635199617e-01 -5.8697992022e-01  2.0066971753e+00  7.8505921762e-01 -4.8004755577e-01  6.3039821880e-01 -2.8708337390e-02 -2.5675618681e-02  8.5000406326e-02 -1.5344534427e-01 -2.3133646332e-01  2.5393267986e+00  1.7266546409e+00 -1.3254933139e+00  4.1840171593e+00  2.5229916889e+00 -1.9593575847e+00  4.8163591587e+00  6.7720398866e-01 -6.8783462278e-01  4.8066287560e+00  8.1817361377e-01  2.6125594741e-01  4.8588873728e+00  3.6716262599e+00 -2.1249067326e+00  2.5825071637e+00  3.7994444913e+00 -1.9227884105e+00  1.1152813053e-01
ENERGY -2.615266176927e+01

JOB 19
COORDS  1.9436245833e+00 -8.4933675720e-01 -1.1120252462e+00  1.8935396650e+00 -9.4516261398e-01 -3.7531410363e-02  2.9388109205e+00 -1.5379167929e+00  6.5417235588e-01  2.8730967061e+00 -1.6630973535e+00  2.0281589372e+00  1.7617104090e+00 -1.1869494828e+00  2.7223298827e+00  7.1190756756e-01 -5.9668491491e-01  2.0212970643e+00  7.8063311035e-01 -4.8041520266e-01  6.4546484854e-01 -3.6135530042e-02 -2.7889712184e-02  1.0303649292e-01 -1.6474483515e-01 -2.5123142746e-01  2.5503796271e+00  1.7265393064e+00 -1.3498761132e+00  4.1973771368e+00  2.5034087052e+00 -2.0224237029e+00  4.8141474954e+00  7.3782773582e-01 -6.5402670788e-01  4.8415011394e+00  8.0709263355e-01  2.9273338458e-01  4.6857291610e+00  3.6720632183e+00 -2.1243298485e+00  2.5885355496e+00  3.8021786248e+00 -1.9039279925e+00  1.1918600310e-01
ENERGY -2.615456200147e+01

JOB 20
COORDS  1.9419339273e+00 -8.3715031553e-01 -1.1018915123e+00  1.8924416738e+00 -9.3751061667e-01 -2.7842045387e-02  2.9387726792e+00 -1.5302385546e+00  6.6197244986e-01  2.8731451293e+00 -1.6609355356e+00  2.0355535223e+00  1.7619980870e+00 -1.1889768215e+00  2.7320162032e+00  7.1047352865e-01 -5.9951167933e-01  2.0330296652e+00  7.7836508343e-01 -4.7931615486e-01  6.5711015939e-01 -4.0752933191e-02 -2.8512833432e-02  1.1680088945e-01 -1.7189847791e-01 -2.6037352677e-01  2.5577368347e+00  1.7320799397e+00 -1.3605367496e+00  4.2090372779e+00  2.4827995999e+00 -2.0780554326e+00  4.8083043997e+00  8.0645343365e-01 -6.1469423216e-01  4.8726871738e+00  7.7034610060e-01  2.9109900034e-01  4.5467632775e+00  3.6722808143e+00 -2.1235634574e+00  2.5945179652e+00  3.8031142352e+00 -1.8922583284e+00  1.2596277683e-01
ENERGY -2.615732838866e+01

JOB 21
COORDS  1.9382273308e+00 -8.3300581989e-01 -1.0953989423e+00  1.8906456585e+00 -9.3378433258e-01 -2.1384535135e-02  2.9376933567e+00 -1.5266999468e+00  6.6666262824e-01  2.8734044122e+00 -1.6583028449e+00  2.0404051935e+00  1.7650410104e+00 -1.1853078043e+00  2.7399317427e+00  7.1216741951e-01 -5.9713373679e-01  2.0419706907e+00  7.7735102996e-01 -4.7711669422e-01  6.6564231973e-01 -4.3721206867e-02 -2.7774609043e-02  1.2705919470e-01 -1.7435034498e-01 -2.6008911136e-01  2.5622739166e+00  1.7446312744e+00 -1.3600023303e+00  4.2189677666e+00  2.4629322401e+00 -2.1234549509e+00  4.8019628397e+00  8.7965042694e-01 -5.7103673186e-01  4.8998210819e+00  7.1367855133e-01  2.6415475694e-01  4.4462994831e+00  3.6728460068e+00 -2.1221318092e+00  2.5978214209e+00  3.8013556550e+00 -1.8888492729e+00  1.2972423644e-01
ENERGY -2.615996214479e+01

JOB 22
COORDS  1.9358182360e+00 -8.3152469833e-01 -1.0918288339e+00  1.8900295139e+00 -9.3187860697e-01 -1.7742559227e-02  2.9373121676e+00 -1.5254298227e+00  6.6928572958e-01  2.8748265571e+00 -1.6560093259e+00  2.0431933813e+00  1.7690816781e+00 -1.1803204414e+00  2.7447659545e+00  7.1538993624e-01 -5.9268851248e-01  2.0479358030e+00  7.7827456057e-01 -4.7484206029e-01  6.7095125690e-01 -4.4177883541e-02 -2.6438591877e-02  1.3372538526e-01 -1.7456407210e-01 -2.5637424986e-01  2.5641518950e+00  1.7595380070e+00 -1.3521456080e+00  4.2260588572e+00  2.4386596347e+00 -2.1607815522e+00  4.7957903969e+00  9.5406268868e-01 -5.2176721585e-01  4.9195987469e+00  6.4354072850e-01  2.2019661146e-01  4.3848134531e+00  3.6739434690e+00 -2.1215855259e+00  2.5995737060e+00  3.7998175990e+00 -1.8889456377e+00  1.3148586509e-01
ENERGY -2.616171269442e+01

JOB 23
COORDS  1.9303556334e+00 -8.4152225970e-01 -1.0940064715e+00  1.8892948797e+00 -9.3558286014e-01 -1.9189760614e-02  2.9332353086e+00 -1.5343304873e+00  6.6813573959e-01  2.8759499241e+00 -1.6567702124e+00  2.0430783094e+00  1.7784379522e+00 -1.1669294271e+00  2.7481312964e+00  7.2802743709e-01 -5.7539043156e-01  2.0496744222e+00  7.8484755785e-01 -4.6488509041e-01  6.7168453761e-01 -3.6242075979e-02 -1.2105962088e-02  1.3598079116e-01 -1.6005679019e-01 -2.2638829467e-01  2.5617297068e+00  1.7842938436e+00 -1.3319329438e+00  4.2312348889e+00  2.4463763271e+00 -2.1623277464e+00  4.7902588936e+00  1.0071194014e+00 -4.8807881243e-01  4.9361972834e+00  5.2583214847e-01  1.3079771262e-01  4.3713620098e+00  3.6737792643e+00 -2.1261317339e+00  2.5980964646e+00  3.7903020091e+00 -1.9089566887e+00  1.2939092598e-01
ENERGY -2.616212604916e+01

