#    QMEnergy      MMEnergy  Delta(MM-QM)        Weight
 7.104139e+00  7.363569e+00  2.594308e-01  1.687603e-01
 8.202624e+00  8.321729e+00  1.191052e-01  1.556466e-01
 9.855332e+00  9.987016e+00  1.316849e-01  1.405982e-01
 1.159126e+01  1.184422e+01  2.529568e-01  0.000000e+00
 1.278368e+01  1.317258e+01  3.889001e-01  0.000000e+00
 1.279677e+01  1.321211e+01  4.153373e-01  0.000000e+00
 1.133485e+01  1.161798e+01  2.831305e-01  0.000000e+00
 8.703144e+00  8.828813e+00  1.256699e-01  1.505946e-01
 5.591281e+00  5.621510e+00  3.022907e-02  1.936239e-01
 2.727445e+00  2.709536e+00 -1.790901e-02  2.970820e-01
 7.216445e-01  7.121975e-01 -9.447044e-03  4.197184e-01
 0.000000e+00  0.000000e+00  0.000000e+00  4.197184e-01
 7.216463e-01  7.121560e-01 -9.490319e-03  4.197184e-01
 2.727448e+00  2.709519e+00 -1.792916e-02  2.970818e-01
 5.591291e+00  5.621476e+00  3.018498e-02  1.936237e-01
 8.703141e+00  8.828773e+00  1.256317e-01  1.505947e-01
 1.133485e+01  1.161804e+01  2.831897e-01  0.000000e+00
 1.279677e+01  1.321213e+01  4.153560e-01  0.000000e+00
 1.278368e+01  1.317261e+01  3.889301e-01  0.000000e+00
 1.159127e+01  1.184445e+01  2.531887e-01  0.000000e+00
 9.855331e+00  9.987049e+00  1.317172e-01  1.405982e-01
 8.202624e+00  8.321708e+00  1.190841e-01  1.556466e-01
 7.104138e+00  7.363612e+00  2.594738e-01  1.687603e-01
 6.844752e+00  7.374488e+00  5.297359e-01  1.723623e-01
