#    QMEnergy      MMEnergy  Delta(MM-QM)        Weight
 5.210998e+00  4.582302e+00 -6.286964e-01  1.256423e-01
 5.032699e+00  4.499656e+00 -5.330431e-01  1.282354e-01
 4.484341e+00  4.155754e+00 -3.285864e-01  1.372875e-01
 3.447222e+00  3.413985e+00 -3.323740e-02  1.607618e-01
 2.084373e+00  2.310878e+00  2.265049e-01  2.152172e-01
 7.998389e-01  1.046438e+00  2.465996e-01  2.613876e-01
 1.940412e-02  1.573422e-01  1.379380e-01  2.613876e-01
 2.921057e-05 -2.174094e-02 -2.177015e-02  2.613876e-01
 7.285975e-01  7.009653e-01 -2.763217e-02  2.613876e-01
 1.889364e+00  1.900140e+00  1.077581e-02  2.259503e-01
 2.942955e+00  3.046976e+00  1.040209e-01  1.768235e-01
 3.366410e+00  3.524804e+00  1.583944e-01  1.630800e-01
 2.942955e+00  3.047046e+00  1.040912e-01  1.768235e-01
 1.889362e+00  1.899383e+00  1.002090e-02  2.259504e-01
 7.285884e-01  6.997848e-01 -2.880366e-02  2.613876e-01
 0.000000e+00  0.000000e+00  0.000000e+00  2.613876e-01
 1.940469e-02  1.575242e-01  1.381196e-01  2.613876e-01
 7.998387e-01  1.046665e+00  2.468262e-01  2.613876e-01
 2.084374e+00  2.311082e+00  2.267085e-01  2.152171e-01
 3.447223e+00  3.414025e+00 -3.319764e-02  1.607617e-01
 4.484344e+00  4.155212e+00 -3.291320e-01  1.372874e-01
 5.032698e+00  4.499573e+00 -5.331256e-01  1.282354e-01
 5.210998e+00  4.582200e+00 -6.287974e-01  1.256423e-01
 5.236732e+00  4.586008e+00 -6.507243e-01  1.252804e-01
