JOB 0
COORDS -5.6268483343e-01 -3.2975083024e-03 -8.0017392599e-01  2.6505967278e-02  3.2863293490e-01  6.2400696475e-02 -6.2852070003e-01  7.6399028122e-01  8.2752743343e-01  8.5578892987e-01 -6.6033616289e-01  5.6876246725e-01  3.6971936412e-01 -1.4836917489e+00  6.8023031784e-01  1.1586915796e+00  1.7754620708e+00 -5.7564720369e-01
ENERGY -1.179823985196e+01

JOB 1
COORDS -5.6315113990e-01 -2.3313547953e-02 -7.7166436682e-01  1.7606815476e-02  3.3213139256e-01  8.4833352287e-02 -6.3920748325e-01  8.0899621924e-01  8.2208698666e-01  8.2129297109e-01 -6.4212807802e-01  6.5072458235e-01  4.1368217294e-01 -1.5103742030e+00  5.7762121714e-01  1.1692769711e+00  1.7554480840e+00 -6.0050198631e-01
ENERGY -1.179852398868e+01

JOB 2
COORDS -5.7334602607e-01 -3.6529689591e-02 -7.4801145726e-01  3.6063444951e-03  3.3100307491e-01  1.0313366182e-01 -6.4646602867e-01  8.5091876460e-01  8.1475970749e-01  7.6735220670e-01 -6.3446184386e-01  7.2593578442e-01  4.8094646433e-01 -1.5203883071e+00  4.8583425210e-01  1.1874073467e+00  1.7302178679e+00 -6.1855216325e-01
ENERGY -1.179939785380e+01

JOB 3
COORDS -5.9416660383e-01 -4.1979060715e-02 -7.2936219938e-01 -1.4677833548e-02  3.2624947773e-01  1.1791060114e-01 -6.4928908614e-01  8.8566454262e-01  8.1038707044e-01  6.9996653099e-01 -6.3640181018e-01  7.8730076364e-01  5.6672918522e-01 -1.5107505104e+00  4.0899782832e-01  1.2109381148e+00  1.6979772278e+00 -6.3213427886e-01
ENERGY -1.180105060799e+01

JOB 4
COORDS -2.5011218889e-01 -1.9123288925e-02 -9.6498879957e-01 -5.3006862354e-02  2.8614788837e-01  6.2953334439e-02 -9.5068241861e-01  6.9359039607e-01  5.3137378657e-01  4.8572286431e-01 -6.8082040808e-01  8.6333525346e-01  8.2219881975e-01 -1.4253920060e+00  3.5325137524e-01  1.1653800933e+00  1.8663572854e+00 -8.2825164833e-02
ENERGY -1.180322244547e+01

JOB 5
COORDS -2.8361484697e-01 -1.4570092063e-02 -9.6774591213e-01 -7.6387093555e-02  2.7803181445e-01  6.2892488028e-02 -9.5808448624e-01  7.1067841179e-01  5.3621232617e-01  4.1213033143e-01 -7.1236102971e-01  8.5896685259e-01  9.2251173537e-01 -1.3576735053e+00  3.5511274910e-01  1.2029446674e+00  1.8166542677e+00 -8.2338718450e-02
ENERGY -1.180526948143e+01

JOB 6
COORDS -3.1937659856e-01 -1.5901741018e-03 -9.7418489428e-01 -9.8684334915e-02  2.7184486721e-01  6.0884894634e-02 -9.6538616370e-01  7.2071201649e-01  5.4497413961e-01  3.5063498009e-01 -7.4947461966e-01  8.3765812464e-01  1.0134388172e+00 -1.2794658174e+00  3.7606765527e-01  1.2388736074e+00  1.7587335944e+00 -8.2300134566e-02
ENERGY -1.180651318335e+01

JOB 7
COORDS -3.5615492062e-01  1.9291571181e-02 -9.8346745439e-01 -1.1719242116e-01  2.6836683558e-01  5.6023899048e-02 -9.7054890860e-01  7.2504430919e-01  5.5622673518e-01  3.0265007529e-01 -7.9174565298e-01  8.0062905236e-01  1.0910032222e+00 -1.1983819384e+00  4.1673658482e-01  1.2697432603e+00  1.6981847423e+00 -8.3049031712e-02
ENERGY -1.180654405923e+01

JOB 8
COORDS -3.9529628140e-01  4.6704504842e-02 -9.9454418465e-01 -1.3087478773e-01  2.6466842334e-01  4.7761447268e-02 -9.6800150893e-01  7.2615962216e-01  5.7191281107e-01  2.6925426234e-01 -8.3804018572e-01  7.4770815640e-01  1.1518012016e+00 -1.1233807069e+00  4.7733411831e-01  1.2926174216e+00  1.6446482092e+00 -8.7072563086e-02
ENERGY -1.180538301174e+01

JOB 9
COORDS -4.3588418739e-01  7.7242288423e-02 -1.0053438152e+00 -1.3792022709e-01  2.6216090825e-01  3.5300270439e-02 -9.5673964163e-01  7.2364255798e-01  5.9056013710e-01  2.5133875539e-01 -8.8497628389e-01  6.8110418586e-01  1.1919756744e+00 -1.0600821392e+00  5.5562592925e-01  1.3067299337e+00  1.6027725353e+00 -9.4146922171e-02
ENERGY -1.180353321291e+01

JOB 10
COORDS -4.7730839588e-01  1.0593694848e-01 -1.0141108885e+00 -1.3944615153e-01  2.5852056908e-01  1.9107588995e-02 -9.3516852036e-01  7.1815969859e-01  6.1231807069e-01  2.4905536829e-01 -9.2822198985e-01  6.0338818132e-01  1.2083814522e+00 -1.0099822520e+00  6.4619680282e-01  1.3139865548e+00  1.5763468926e+00 -1.0379997003e-01
ENERGY -1.180185420809e+01

JOB 11
COORDS -5.1751276853e-01  1.2942812422e-01 -1.0192102819e+00 -1.3694231783e-01  2.5283887159e-01  1.1881002329e-03 -9.0533365150e-01  7.0762665009e-01  6.3683961954e-01  2.6235541776e-01 -9.6328812612e-01  5.1932443487e-01  1.1995706802e+00 -9.7101814668e-01  7.4147430827e-01  1.3173629474e+00  1.5651724938e+00 -1.1651639566e-01
ENERGY -1.180117939007e+01

JOB 12
COORDS -5.5321468629e-01  1.4746585806e-01 -1.0199897898e+00 -1.3138846784e-01  2.4616138508e-01 -1.5668905014e-02 -8.7019326222e-01  6.9125636814e-01  6.6332545302e-01  2.8922111483e-01 -9.8709970051e-01  4.3469089726e-01  1.1649078092e+00 -9.4349501909e-01  8.3480897031e-01  1.3201677998e+00  1.5664709752e+00 -1.3406684048e-01
ENERGY -1.180185420812e+01

JOB 13
COORDS -5.8083971898e-01  1.6161578672e-01 -1.0165192200e+00 -1.2307158230e-01  2.3965029187e-01 -2.8534915570e-02 -8.3302485928e-01  6.6912732734e-01  6.9078452308e-01  3.2824629975e-01 -9.9859996402e-01  3.5564705614e-01  1.1071360904e+00 -9.3165879338e-01  9.2138065719e-01  1.3210540778e+00  1.5806252183e+00 -1.5965831551e-01
ENERGY -1.180353321583e+01

JOB 14
COORDS -5.9826943628e-01  1.7314909614e-01 -1.0093305412e+00 -1.1138721676e-01  2.3525339649e-01 -3.5897313061e-02 -7.9603226156e-01  6.4425843590e-01  7.1762906236e-01  3.7743502814e-01 -9.9844568381e-01  2.8828305779e-01  1.0308205092e+00 -9.4102998546e-01  9.9764886017e-01  1.3169336847e+00  1.6075746076e+00 -1.9523334074e-01
ENERGY -1.180538302622e+01

JOB 15
COORDS -6.0669365643e-01  1.8159643087e-01 -9.9866512994e-01 -9.5120421640e-02  2.3483641471e-01 -3.8133047778e-02 -7.6025805689e-01  6.2154386411e-01  7.4158547925e-01  4.3505348396e-01 -9.8858761713e-01  2.3716690139e-01  9.4138916485e-01 -9.7331441712e-01  1.0604121375e+00  1.3051297936e+00  1.6446851914e+00 -2.3926655511e-01
ENERGY -1.180654410578e+01

JOB 16
COORDS -6.0735526000e-01  1.8519683032e-01 -9.8621084012e-01 -7.5981087018e-02  2.3762056879e-01 -3.6532394108e-02 -7.2576558437e-01  6.0448259131e-01  7.6223758718e-01  4.9927953913e-01 -9.7028495594e-01  2.0510874775e-01  8.4345564735e-01 -1.0239495674e+00  1.1061796402e+00  1.2858670524e+00  1.6876943998e+00 -2.8768295560e-01
ENERGY -1.180651318244e+01

JOB 17
COORDS -6.0560677493e-01  1.8346331655e-01 -9.7122096001e-01 -5.4103514274e-02  2.4444182537e-01 -3.2748437919e-02 -6.9256494835e-01  5.9536018596e-01  7.7965417638e-01  5.6866522821e-01 -9.4493946649e-01  1.9260444763e-01  7.4183190189e-01 -1.0861820341e+00  1.1311410242e+00  1.2612784149e+00  1.7286160395e+00 -3.3633046499e-01
ENERGY -1.180526948174e+01

JOB 18
COORDS -6.0318205340e-01  1.7382365687e-01 -9.5474691228e-01 -3.1751407652e-02  2.5409932441e-01 -2.8317644211e-02 -6.6171230806e-01  5.9478686763e-01  7.9374501593e-01  6.4151208083e-01 -9.1226919548e-01  2.0006855316e-01  6.4074282972e-01 -1.1527422561e+00  1.1327858300e+00  1.2338911660e+00  1.7630614695e+00 -3.8043505728e-01
ENERGY -1.180322244478e+01

JOB 19
COORDS -6.0084315867e-01  1.5436000381e-01 -9.3671439488e-01 -1.0618273561e-02  2.6723421245e-01 -2.3425576556e-02 -6.3621103103e-01  6.0170384536e-01  8.0484138434e-01  7.1450654520e-01 -8.7153994206e-01  2.2734897305e-01  5.4603830800e-01 -1.2178260418e+00  1.1088566386e+00  1.2066279175e+00  1.7868277891e+00 -4.1780723920e-01
ENERGY -1.180105060628e+01

JOB 20
COORDS -5.9798290808e-01  1.2635382768e-01 -9.1530315340e-01  7.0418497644e-03  2.8133098597e-01 -1.5723611721e-02 -6.1683262032e-01  6.1878118350e-01  8.1452144450e-01  7.7948150978e-01 -8.2484746826e-01  2.7249185074e-01  4.6406687116e-01 -1.2806980957e+00  1.0581460728e+00  1.1837256052e+00  1.7998394336e+00 -4.5103281758e-01
ENERGY -1.179939784883e+01

JOB 21
COORDS -5.9180340782e-01  9.2441468855e-02 -8.8981028969e-01  2.0215210846e-02  2.9553459263e-01 -2.9394280925e-03 -6.0681007708e-01  6.4551142926e-01  8.2262641467e-01  8.2922440823e-01 -7.7597653230e-01  3.3276467868e-01  4.0101015757e-01 -1.3405730816e+00  9.8330665220e-01  1.1676640157e+00  1.8038219900e+00 -4.8284824246e-01
ENERGY -1.179852399026e+01

JOB 22
COORDS -5.8125114517e-01  5.6650593217e-02 -8.6145683941e-01  2.7937011007e-02  3.0911278194e-01  1.5568520774e-02 -6.0793858218e-01  6.7947118592e-01  8.2787949739e-01  8.5985326874e-01 -7.2929974556e-01  4.0517110124e-01  3.6289598418e-01 -1.3956224897e+00  8.9060879055e-01  1.1580037709e+00  1.8004475411e+00 -5.1467128523e-01
ENERGY -1.179823985213e+01

JOB 23
COORDS -5.6990119116e-01  2.3865356892e-02 -8.3108968126e-01  3.0033100898e-02  3.2051652455e-01  3.8294185764e-02 -6.1668773364e-01  7.1991608746e-01  8.2950265909e-01  8.6874375545e-01 -6.8982289260e-01  4.8543282589e-01  3.5209758459e-01 -1.4443088187e+00  7.8709490057e-01  1.1552147913e+00  1.7905936092e+00 -5.4613510475e-01
ENERGY -1.179819884209e+01

