JOB 0
COORDS  1.8338661475e+00  8.4889769773e-01 -4.9271236120e-01  1.8414899619e+00  9.0378820511e-02  2.7530610933e-01  3.0347030814e+00 -5.0169578421e-01  6.5390030802e-01  3.0536900909e+00 -1.4730806084e+00  1.6376434051e+00  1.8666965772e+00 -1.8504862048e+00  2.2574962600e+00  6.6624329558e-01 -1.2665324884e+00  1.8684048804e+00  6.5851875221e-01 -3.0032048371e-01  8.7968132892e-01 -2.7630209331e-01  1.5160523013e-01  5.8315576278e-01 -2.4695477759e-01 -1.5835227960e+00  2.3477596241e+00  1.8087240952e+00 -2.8575520936e+00  3.1885241174e+00  2.7086911529e+00 -2.9181285897e+00  4.2166671249e+00  3.4703393953e+00 -1.8383634597e+00  4.6497026437e+00  4.3107045422e+00 -1.9862682975e+00  5.7388766370e+00  4.3924168798e+00 -3.1938320541e+00  6.4092463955e+00  3.6139496488e+00 -4.2613268141e+00  5.9919516337e+00  2.7726561998e+00 -4.1274378449e+00  4.9055459888e+00  2.1578973268e+00 -4.9473312637e+00  4.5683088857e+00  3.6609186847e+00 -5.2040490353e+00  6.5165423179e+00  5.0522603227e+00 -3.3005339076e+00  7.2567119913e+00  4.9006710807e+00 -1.1433582233e+00  6.0676425800e+00  3.3963743444e+00 -8.8502218741e-01  4.1472317997e+00  3.9810883762e+00 -1.9490826803e+00  1.9216577847e+00  3.9589526963e+00 -2.1128962547e-01  1.7648724165e-01
ENERGY -3.483611398069e+01

JOB 1
COORDS  1.9336202391e+00  6.8483982605e-01 -6.1869160414e-01  1.8899254980e+00 -7.6412749374e-03  2.0816785266e-01  3.0504687011e+00 -5.8843457794e-01  6.8995647239e-01  3.0056086701e+00 -1.4754368598e+00  1.7500312482e+00  1.7841426440e+00 -1.7797184142e+00  2.3416672824e+00  6.1521422827e-01 -1.2061608801e+00  1.8502258853e+00  6.7247809389e-01 -3.2524683879e-01  7.8749315935e-01 -2.3801112418e-01  1.1809381017e-01  4.1252339507e-01 -3.2449070616e-01 -1.4662629179e+00  2.3120972880e+00  1.6507934650e+00 -2.6956844041e+00  3.3518743191e+00  2.6285443693e+00 -2.8330584680e+00  4.3015392742e+00  3.3912416710e+00 -1.7669687193e+00  4.7669248682e+00  4.3147945836e+00 -1.9735877047e+00  5.7753233785e+00  4.4801134700e+00 -3.2308774880e+00  6.3303792061e+00  3.7072658911e+00 -4.2876104127e+00  5.8780322754e+00  2.7847299819e+00 -4.0947187491e+00  4.8679555562e+00  2.1731651868e+00 -4.9061502443e+00  4.5051500400e+00  3.8253276865e+00 -5.2695319757e+00  6.3116126805e+00  5.2041795994e+00 -3.3851261061e+00  7.1158907070e+00  4.9042772726e+00 -1.1418161343e+00  6.1319871763e+00  3.2516698733e+00 -7.8139798865e-01  4.3467366012e+00  3.9106129410e+00 -1.9401519011e+00  2.1139447067e+00  4.0019235463e+00 -3.5568427032e-01  2.3491069094e-01
ENERGY -3.483655045526e+01

JOB 2
COORDS  2.0109839063e+00  5.0985113593e-01 -7.2316707874e-01  1.9294205622e+00 -1.1361906722e-01  1.5419862888e-01  3.0629576578e+00 -6.6848471555e-01  7.2223358507e-01  2.9693028177e+00 -1.4674245344e+00  1.8474429235e+00  1.7237126212e+00 -1.7100478616e+00  2.4161330511e+00  5.8075255139e-01 -1.1607057125e+00  1.8413464064e+00  6.8872518738e-01 -3.6825662917e-01  7.1532759924e-01 -2.0161617807e-01  5.6134643845e-02  2.7570797137e-01 -3.7778594827e-01 -1.3700237617e+00  2.2901089691e+00  1.5352500034e+00 -2.5271427914e+00  3.4978301826e+00  2.5650091123e+00 -2.7429930044e+00  4.3812335361e+00  3.3210102380e+00 -1.6989660751e+00  4.9040026545e+00  4.3058105929e+00 -1.9667334436e+00  5.8365659329e+00  4.5413599129e+00 -3.2660625996e+00  6.2542485079e+00  3.7829935708e+00 -4.3029217087e+00  5.7373973633e+00  2.7995553648e+00 -4.0475882414e+00  4.7995110431e+00  2.1992183524e+00 -4.8438516115e+00  4.3874952792e+00  3.9617087787e+00 -5.3178394963e+00  6.0600856747e+00  5.3120889717e+00 -3.4687119752e+00  6.9824257331e+00  4.8895686105e+00 -1.1532840094e+00  6.2414864743e+00  3.1287242979e+00 -6.8642557556e-01  4.5794806264e+00  3.8556467417e+00 -1.9091400897e+00  2.2796204361e+00  4.0331980560e+00 -4.8409556977e-01  2.8501695924e-01
ENERGY -3.483624218331e+01

JOB 3
COORDS  2.0522444556e+00  2.9989630282e-01 -8.3154962193e-01  1.9478896895e+00 -2.4265636245e-01  9.5707231747e-02  3.0635660444e+00 -7.6084838640e-01  7.2856279553e-01  2.9408877185e+00 -1.4568948828e+00  1.9182001436e+00  1.6839057230e+00 -1.6340039052e+00  2.4847021059e+00  5.5857719864e-01 -1.1178928774e+00  1.8461484131e+00  6.9503610780e-01 -4.2829269712e-01  6.5810792150e-01 -1.8202683118e-01 -3.0506912129e-02  1.6949665914e-01 -4.0894544589e-01 -1.2721059731e+00  2.2977465615e+00  1.4624744899e+00 -2.3333758719e+00  3.6385606004e+00  2.5268932159e+00 -2.6368282667e+00  4.4595060707e+00  3.2824554980e+00 -1.6336461930e+00  5.0563324709e+00  4.3085043204e+00 -1.9713924316e+00  5.9191690163e+00  4.5862838692e+00 -3.3015423641e+00  6.1878793865e+00  3.8333031273e+00 -4.2981753994e+00  5.5907190130e+00  2.8082320051e+00 -3.9714888200e+00  4.7211525804e+00  2.2118444680e+00 -4.7360894328e+00  4.2474820726e+00  4.0490023121e+00 -5.3362584213e+00  5.7955775409e+00  5.3888997400e+00 -3.5600919286e+00  6.8620150647e+00  4.8926904515e+00 -1.1911443317e+00  6.3841721073e+00  3.0570812067e+00 -5.9943040563e-01  4.8397812648e+00  3.8152747854e+00 -1.8677639442e+00  2.4020097364e+00  4.0435216321e+00 -6.2779918917e-01  2.9425332458e-01
ENERGY -3.483544404317e+01

JOB 4
COORDS  2.0635164272e+00  8.0769684527e-02 -9.3041333263e-01  1.9506254302e+00 -3.7856771353e-01  3.9782572959e-02  3.0579312186e+00 -8.5930124478e-01  7.1488466339e-01  2.9246400890e+00 -1.4495824864e+00  1.9595748755e+00  1.6653058117e+00 -1.5587425584e+00  2.5373136343e+00  5.4838583377e-01 -1.0772706776e+00  1.8578483751e+00  6.9539298742e-01 -4.9239854944e-01  6.1643472399e-01 -1.7519857063e-01 -1.2145585083e-01  9.6054960340e-02 -4.2069398485e-01 -1.1742215340e+00  2.3217435230e+00  1.4348592280e+00 -2.1372374293e+00  3.7537481295e+00  2.5158072705e+00 -2.5252510910e+00  4.5221216987e+00  3.2503587065e+00 -1.5802367992e+00  5.2281930718e+00  4.2940076704e+00 -1.9904247970e+00  6.0374336748e+00  4.6091554745e+00 -3.3350765237e+00  6.1414740131e+00  3.8772390647e+00 -4.2728722229e+00  5.4331038547e+00  2.8333385686e+00 -3.8734572125e+00  4.6177061974e+00  2.2538904641e+00 -4.5926479748e+00  4.0588144247e+00  4.1227321617e+00 -5.3215935296e+00  5.5102248465e+00  5.4250137409e+00 -3.6512010603e+00  6.7740160774e+00  4.8632664143e+00 -1.2563128013e+00  6.5880553737e+00  2.9949675318e+00 -5.3478382813e-01  5.1359798165e+00  3.7931223723e+00 -1.8280117038e+00  2.4793097446e+00  4.0399318711e+00 -7.7845478954e-01  2.7232753996e-01
ENERGY -3.483464187617e+01

JOB 5
COORDS  2.0362569393e+00 -1.4632130001e-01 -1.0291449112e+00  1.9331645969e+00 -5.1962161347e-01 -2.1639110902e-02  3.0431392866e+00 -9.6499802669e-01  6.7296496102e-01  2.9219846763e+00 -1.4456528760e+00  1.9652054053e+00  1.6714168106e+00 -1.4810235211e+00  2.5704953253e+00  5.5198012397e-01 -1.0326893412e+00  1.8728562647e+00  6.8738760936e-01 -5.5569075084e-01  5.8488871766e-01 -1.8512268004e-01 -2.0988234443e-01  5.0585522990e-02 -4.0963890379e-01 -1.0680436332e+00  2.3604102334e+00  1.4558264083e+00 -1.9363265013e+00  3.8405393647e+00  2.5345475915e+00 -2.4056431839e+00  4.5680903607e+00  3.2236071627e+00 -1.5445068009e+00  5.4116566455e+00  4.2582906458e+00 -2.0321720924e+00  6.1898210787e+00  4.6076539218e+00 -3.3706606371e+00  6.1266480685e+00  3.9185583703e+00 -4.2266757871e+00  5.2839802020e+00  2.8821548837e+00 -3.7486143886e+00  4.5022715553e+00  2.3358626934e+00 -4.4032382189e+00  3.8397909285e+00  4.1884889049e+00 -5.2710783699e+00  5.2335599700e+00  5.4167610616e+00 -3.7469116882e+00  6.7345074081e+00  4.7939433503e+00 -1.3630030128e+00  6.8466657906e+00  2.9398270796e+00 -5.0348136769e-01  5.4494787965e+00  3.7931771466e+00 -1.7915225808e+00  2.5029281229e+00  4.0183281019e+00 -9.4057465708e-01  2.0917175935e-01
ENERGY -3.483435154826e+01

JOB 6
COORDS  1.9638631155e+00 -3.7391117473e-01 -1.1201229407e+00  1.8894059837e+00 -6.5962705432e-01 -8.1927408750e-02  3.0158032210e+00 -1.0659563092e+00  6.1031977932e-01  2.9317864899e+00 -1.4350582284e+00  1.9414631105e+00  1.7019229955e+00 -1.3985963208e+00  2.5880979991e+00  5.6658276646e-01 -9.8676981789e-01  1.8936863029e+00  6.6533678352e-01 -6.1947994117e-01  5.6696511476e-01 -2.1918935754e-01 -3.0155040195e-01  3.5149041266e-02 -3.7778264003e-01 -9.6173660235e-01  2.4145629643e+00  1.5254732395e+00 -1.7283895987e+00  3.9026220519e+00  2.5812253365e+00 -2.2805830787e+00  4.6011409328e+00  3.2092996717e+00 -1.5282626258e+00  5.5844815402e+00  4.2115387600e+00 -2.0994250599e+00  6.3484853091e+00  4.5883991008e+00 -3.4144836827e+00  6.1352982004e+00  3.9557497897e+00 -4.1643043546e+00  5.1575248422e+00  2.9499376465e+00 -3.6040878219e+00  4.3915518378e+00  2.4481179931e+00 -4.1780595706e+00  3.6263933569e+00  4.2429019325e+00 -5.1921914950e+00  4.9925592213e+00  5.3723577575e+00 -3.8561407109e+00  6.7319666617e+00  4.7005282152e+00 -1.5130726660e+00  7.1121532551e+00  2.9027220453e+00 -5.0515259817e-01  5.7401917628e+00  3.8166689751e+00 -1.7451087347e+00  2.4786241254e+00  3.9749459603e+00 -1.0963848455e+00  1.1454539910e-01
ENERGY -3.483478911700e+01

JOB 7
COORDS  1.8692486366e+00 -5.9164754330e-01 -1.1898041732e+00  1.8356802353e+00 -7.9131873763e-01 -1.2959291839e-01  2.9891545885e+00 -1.1413910824e+00  5.4939241949e-01  2.9564538223e+00 -1.4006412959e+00  1.9081342111e+00  1.7521040164e+00 -1.3122476907e+00  2.5966313800e+00  5.9090373821e-01 -9.5371431723e-01  1.9160666848e+00  6.3811536601e-01 -6.9433661071e-01  5.6094108177e-01 -2.6639421461e-01 -4.1778738145e-01  3.9783081480e-02 -3.3241321260e-01 -8.8254161020e-01  2.4694589136e+00  1.6324145361e+00 -1.5166551058e+00  3.9434358634e+00  2.6421920928e+00 -2.1589015665e+00  4.6239299687e+00  3.2028312011e+00 -1.5252523967e+00  5.7257059384e+00  4.1543161715e+00 -2.1826772436e+00  6.4844055985e+00  4.5480330474e+00 -3.4674486695e+00  6.1510333537e+00  3.9791107533e+00 -4.1012030820e+00  5.0586790956e+00  3.0226706000e+00 -3.4560878031e+00  4.2970907665e+00  2.5697253143e+00 -3.9442159539e+00  3.4461691427e+00  4.2753137032e+00 -5.1072979250e+00  4.8011278297e+00  5.2933148496e+00 -3.9764644374e+00  6.7434138999e+00  4.5910767986e+00 -1.6869844741e+00  7.3385699682e+00  2.8824551015e+00 -5.2521624789e-01  5.9744547041e+00  3.8624925177e+00 -1.6626897087e+00  2.4353345235e+00  3.9287961186e+00 -1.2116118103e+00  2.1371125954e-02
ENERGY -3.483567048678e+01

JOB 8
COORDS  1.7617216817e+00 -7.8483788433e-01 -1.2331755362e+00  1.7762804278e+00 -9.0545491186e-01 -1.6065346473e-01  2.9652987256e+00 -1.1830353221e+00  4.9109837833e-01  2.9947083623e+00 -1.3411005181e+00  1.8648320956e+00  1.8177823365e+00 -1.2264901433e+00  2.5967676549e+00  6.2293148772e-01 -9.3721073052e-01  1.9435156515e+00  6.0735172610e-01 -7.7726035997e-01  5.7167863674e-01 -3.2360952299e-01 -5.5497216470e-01  7.1603292463e-02 -2.7773121975e-01 -8.3934878432e-01  2.5293148306e+00  1.7685981212e+00 -1.3157798430e+00  3.9620292825e+00  2.7091140879e+00 -2.0522141028e+00  4.6380221013e+00  3.1977128245e+00 -1.5325045653e+00  5.8316333468e+00  4.0855030634e+00 -2.2710952002e+00  6.5913893260e+00  4.4906520807e+00 -3.5262487013e+00  6.1694754389e+00  3.9929921669e+00 -4.0474622985e+00  4.9869598371e+00  3.0999620326e+00 -3.3207400275e+00  4.2216655501e+00  2.7011523434e+00 -3.7290989499e+00  3.3041498496e+00  4.2952003613e+00 -5.0310895007e+00  4.6589665213e+00  5.1874840109e+00 -4.0991062029e+00  6.7623743189e+00  4.4647239728e+00 -1.8620034532e+00  7.5160124607e+00  2.8694705855e+00 -5.5440025833e-01  6.1475305939e+00  3.9271917126e+00 -1.5436378071e+00  2.3716715360e+00  3.8831044130e+00 -1.2732409638e+00 -7.1129242900e-02
ENERGY -3.483639398590e+01

JOB 9
COORDS  1.6374814643e+00 -9.6560334206e-01 -1.2573346144e+00  1.7114721404e+00 -1.0123227235e+00 -1.8142100809e-01  2.9389726620e+00 -1.2244219469e+00  4.2312522890e-01  3.0427596621e+00 -1.2871732258e+00  1.8004647761e+00  1.9020845050e+00 -1.1445083060e+00  2.5840333558e+00  6.6992324621e-01 -9.1847421281e-01  1.9791919946e+00  5.8050887895e-01 -8.5276914197e-01  6.0158122255e-01 -3.7914767528e-01 -6.7976418831e-01  1.3774577192e-01 -2.0132035090e-01 -7.9407587928e-01  2.6033741212e+00  1.9388981102e+00 -1.1282046425e+00  3.9544780172e+00  2.7854260328e+00 -1.9582640550e+00  4.6398562146e+00  3.1942244678e+00 -1.5327686797e+00  5.9006154283e+00  4.0021181902e+00 -2.3431327957e+00  6.6744361762e+00  4.4113700221e+00 -3.5789540516e+00  6.2011187625e+00  3.9950080046e+00 -4.0052931717e+00  4.9517673936e+00  3.1827262624e+00 -3.2051973424e+00  4.1688752393e+00  2.8457552714e+00 -3.5492347238e+00  3.2017351383e+00  4.2994000965e+00 -4.9728618282e+00  4.5806614559e+00  5.0469688940e+00 -4.2087342585e+00  6.8048606053e+00  4.3169940840e+00 -2.0055349419e+00  7.6506527448e+00  2.8651685281e+00 -5.6813092453e-01  6.2543966155e+00  4.0033019707e+00 -1.4366512161e+00  2.2720988560e+00  3.8275013143e+00 -1.3362570955e+00 -1.8058103652e-01
ENERGY -3.483651214556e+01

JOB 10
COORDS  1.5009749467e+00 -1.1123777142e+00 -1.2575243991e+00  1.6402705707e+00 -1.0971438716e+00 -1.8716131783e-01  2.9081186706e+00 -1.2463503021e+00  3.4971606155e-01  3.0951090969e+00 -1.2289843230e+00  1.7195059662e+00  2.0003015341e+00 -1.0702326556e+00  2.5632096068e+00  7.2902258753e-01 -9.0711518513e-01  2.0248984862e+00  5.5430698940e-01 -9.2034426291e-01  6.5335867870e-01 -4.3567773169e-01 -7.9549762054e-01  2.4054973200e-01 -1.0652369661e-01 -7.6832070066e-01  2.6933755271e+00  2.1326642202e+00 -9.7119597644e-01  3.9268661600e+00  2.8690053794e+00 -1.8836210833e+00  4.6306490479e+00  3.1803078753e+00 -1.5363833477e+00  5.9436492710e+00  3.8981194440e+00 -2.4071670827e+00  6.7386617230e+00  4.3177932844e+00 -3.6285039760e+00  6.2363351628e+00  4.0021923805e+00 -3.9755400211e+00  4.9348340671e+00  3.2822580060e+00 -3.1121417162e+00  4.1278026998e+00  3.0232787323e+00 -3.4020856296e+00  3.1200548002e+00  4.3163988487e+00 -4.9294660455e+00  4.5373228284e+00  4.8830641396e+00 -4.3067052327e+00  6.8572286976e+00  4.1345688724e+00 -2.1290926897e+00  7.7550063737e+00  2.8461918621e+00 -5.8139840716e-01  6.3180477227e+00  4.0850910888e+00 -1.3276660725e+00  2.1407359845e+00  3.7607586805e+00 -1.3709987776e+00 -3.0139042106e-01
ENERGY -3.483594300130e+01

JOB 11
COORDS  1.2528286954e+00 -1.3071035699e+00 -1.2079459719e+00  1.5916064435e+00 -1.2006370552e+00 -1.8844886042e-01  2.7901745787e+00 -5.6238469764e-01  8.2096501020e-02  3.2305269509e+00 -4.2885180805e-01  1.3862926702e+00  2.4641048964e+00 -9.3579008966e-01  2.4281021601e+00  1.2519024981e+00 -1.5630556923e+00  2.1607357451e+00  8.2412452991e-01 -1.6959454479e+00  8.5243893756e-01 -1.1692178429e-01 -2.1844858244e+00  6.4702086342e-01  6.5028290264e-01 -1.9323047818e+00  2.9785269748e+00  2.8946752206e+00 -7.1621655035e-01  3.7177756656e+00  3.1518984002e+00 -1.7652357888e+00  4.5559138415e+00  3.5669031188e+00 -1.4240805930e+00  5.8422825146e+00  3.8441622618e+00 -2.4118050186e+00  6.7650448673e+00  3.7070451781e+00 -3.7478508893e+00  6.4230751354e+00  3.2962507614e+00 -4.0849009289e+00  5.1463345140e+00  3.0126030980e+00 -3.1043669211e+00  4.2114142980e+00  2.7110069212e+00 -3.3826364229e+00  3.2123913345e+00  3.1908016713e+00 -5.1231650344e+00  4.8676934947e+00  3.9212545119e+00 -4.5195029954e+00  7.1466915838e+00  4.1668674862e+00 -2.1372818899e+00  7.7583516558e+00  3.6654995063e+00 -3.7917472236e-01  6.0919856788e+00  4.1615224869e+00  6.7199204244e-02  1.6140490312e+00  3.3884754477e+00 -1.6875517630e-01 -7.2609017573e-01
ENERGY -3.483485351736e+01

JOB 12
COORDS  1.0789341811e+00 -1.2437213065e+00 -1.1452425917e+00  1.5023309147e+00 -1.1598758631e+00 -1.5579739843e-01  2.7078247019e+00 -5.0492719448e-01  3.1217273556e-02  3.2563024460e+00 -4.0132327775e-01  1.2961361725e+00  2.5939213472e+00 -9.5568193679e-01  2.3853775747e+00  1.3732763438e+00 -1.5976579636e+00  2.2022785449e+00  8.3704590784e-01 -1.7001934627e+00  9.3203180646e-01 -1.1020479221e-01 -2.2003270543e+00  7.9395144146e-01  8.4824364114e-01 -2.0024920369e+00  3.0553280829e+00  3.1397387665e+00 -7.5814219296e-01  3.6303591176e+00  3.2579141447e+00 -1.7907096323e+00  4.5190969851e+00  3.5461285474e+00 -1.4347110782e+00  5.8351022220e+00  3.7089063701e+00 -2.4116720113e+00  6.7965849162e+00  3.5823463163e+00 -3.7504098688e+00  6.4621237986e+00  3.3032092466e+00 -4.1029620484e+00  5.1538456614e+00  3.1386959461e+00 -3.1337074978e+00  4.1800024554e+00  2.9419808199e+00 -3.4211808604e+00  3.1575592272e+00  3.2123889479e+00 -5.1441521941e+00  4.8811579156e+00  3.7050812535e+00 -4.5132718691e+00  7.2157583483e+00  3.9321219422e+00 -2.1261396188e+00  7.8138318650e+00  3.6404032004e+00 -3.8779383062e-01  6.0779278024e+00  4.1937549197e+00  1.0749423431e-01  1.4592325606e+00  3.2272506690e+00 -7.4774129186e-02 -8.1213132229e-01
ENERGY -3.483594332443e+01

JOB 13
COORDS  9.2242075445e-01 -1.1676674054e+00 -1.0650703412e+00  1.4221487524e+00 -1.1128895112e+00 -1.0981019855e-01  2.6366277075e+00 -4.5761133295e-01  5.9638919863e-03  3.2811822726e+00 -3.9209207876e-01  1.2267801160e+00  2.7073001223e+00 -9.8576598355e-01  2.3463249061e+00  1.4786898741e+00 -1.6291677876e+00  2.2367491883e+00  8.4677535915e-01 -1.6919517602e+00  1.0085484516e+00 -1.0665975620e-01 -2.1929580930e+00  9.2860106168e-01  1.0215083546e+00 -2.0673147064e+00  3.1122277846e+00  3.3584945345e+00 -8.2608260855e-01  3.5422037414e+00  3.3524377323e+00 -1.8249839196e+00  4.4789341383e+00  3.5050795511e+00 -1.4378755965e+00  5.8072880099e+00  3.5661013147e+00 -2.3941292829e+00  6.8022887436e+00  3.4733917808e+00 -3.7395327330e+00  6.4859618168e+00  3.3326970428e+00 -4.1230840797e+00  5.1634325462e+00  3.2743884496e+00 -3.1758962533e+00  4.1572937673e+00  3.1821699814e+00 -3.4804560714e+00  3.1248081600e+00  3.2723393841e+00 -5.1705542476e+00  4.9070886621e+00  3.5159645345e+00 -4.4852223561e+00  7.2652308130e+00  3.6825374521e+00 -2.0863084421e+00  7.8307802833e+00  3.5771197812e+00 -3.8599057192e-01  6.0360366431e+00  4.2266957940e+00  1.1644780928e-01  1.3342303648e+00  3.0881850076e+00  2.7543185703e-03 -8.6016009107e-01
ENERGY -3.483651189551e+01

JOB 14
COORDS  7.7665795851e-01 -1.0568322410e+00 -9.7035667788e-01  1.3452442568e+00 -1.0453546241e+00 -5.2897356169e-02  2.5713829669e+00 -4.0304767886e-01  1.0936581166e-03  3.3033545369e+00 -3.9238540296e-01  1.1724866509e+00  2.8070508091e+00 -1.0280437844e+00  2.3071812783e+00  1.5696880374e+00 -1.6611887727e+00  2.2600924240e+00  8.4936488315e-01 -1.6679211198e+00  1.0794356989e+00 -1.1100844218e-01 -2.1611617156e+00  1.0493408035e+00  1.1727651506e+00 -2.1362582170e+00  3.1456853571e+00  3.5583426584e+00 -9.2934280989e-01  3.4474028844e+00  3.4424678578e+00 -1.8790251733e+00  4.4317574559e+00  3.4567626391e+00 -1.4419477746e+00  5.7515889911e+00  3.4247771782e+00 -2.3633172736e+00  6.7817003628e+00  3.3785137122e+00 -3.7194160414e+00  6.5054000689e+00  3.3772637872e+00 -4.1526985080e+00  5.1900734995e+00  3.4150832974e+00 -3.2413259440e+00  4.1512218819e+00  3.4253875096e+00 -3.5764359297e+00  3.1239723844e+00  3.3542494084e+00 -5.2094100377e+00  4.9681870474e+00  3.3490075634e+00 -4.4367119151e+00  7.3115658966e+00  3.4326521171e+00 -2.0191600382e+00  7.8052071688e+00  3.4962493645e+00 -3.8203604720e-01  5.9496699951e+00  4.2591828741e+00  1.0446884235e-01  1.2319044053e+00  2.9631556573e+00  9.0219513031e-02 -8.7598141940e-01
ENERGY -3.483639323724e+01

JOB 15
COORDS  6.4115196094e-01 -9.1382336415e-01 -8.6145617595e-01  1.2709020913e+00 -9.5877674002e-01  1.4006751064e-02  2.5104141136e+00 -3.3904837655e-01  1.4492482981e-02  3.3201332009e+00 -3.9884538668e-01  1.1310352006e+00  2.8906797294e+00 -1.0825175385e+00  2.2660522535e+00  1.6436331236e+00 -1.6966363689e+00  2.2715248545e+00  8.4348336434e-01 -1.6319494486e+00  1.1445764704e+00 -1.2443926965e-01 -2.1111581416e+00  1.1565972970e+00  1.2998852777e+00 -2.2142597863e+00  3.1555043521e+00  3.7317522697e+00 -1.0656086097e+00  3.3441532768e+00  3.5284966380e+00 -1.9534940597e+00  4.3764088553e+00  3.3978564589e+00 -1.4498320627e+00  5.6644290802e+00  3.2847052465e+00 -2.3205570016e+00  6.7331640116e+00  3.3023730102e+00 -3.6890781929e+00  6.5243038088e+00  3.4441956737e+00 -4.1885677627e+00  5.2401885495e+00  3.5644714896e+00 -3.3276900911e+00  4.1652953947e+00  3.6804349400e+00 -3.7080733853e+00  3.1606264842e+00  3.4692200273e+00 -5.2552854346e+00  5.0735189928e+00  3.2105362998e+00 -4.3658703503e+00  7.3603534931e+00  3.1800776411e+00 -1.9267716324e+00  7.7331898860e+00  3.3896005450e+00 -3.8067692187e-01  5.8108156648e+00  4.2875958205e+00  7.8136072975e-02  1.1491275337e+00  2.8504361292e+00  1.9205188920e-01 -8.6217605830e-01
ENERGY -3.483567047997e+01

JOB 16
COORDS  5.1950743118e-01 -7.4029309393e-01 -7.3382766563e-01  1.2024234832e+00 -8.5219576977e-01  9.4498538148e-02  2.4634458779e+00 -2.7958595237e-01  4.0562189417e-02  3.3405247145e+00 -4.2265363723e-01  1.0965383203e+00  2.9585854615e+00 -1.1442248382e+00  2.2253720320e+00  1.6927449620e+00 -1.7153254592e+00  2.2844330543e+00  8.2416085180e-01 -1.5656494835e+00  1.2174654583e+00 -1.5803714097e-01 -2.0118984207e+00  1.2707467960e+00  1.3889444000e+00 -2.2681288660e+00  3.1618111353e+00  3.8757342050e+00 -1.2252723265e+00  3.2353812281e+00  3.6111686211e+00 -2.0453038132e+00  4.3147343108e+00  3.3239290609e+00 -1.4717799812e+00  5.5459979499e+00  3.1408517403e+00 -2.2814297366e+00  6.6529544552e+00  3.2427687833e+00 -3.6572093310e+00  6.5359620676e+00  3.5353763443e+00 -4.2261236173e+00  5.3074526089e+00  3.7244232215e+00 -3.4253816130e+00  4.1960240639e+00  3.9537916530e+00 -3.8562642868e+00  3.2324539737e+00  3.6216181654e+00 -5.2985107637e+00  5.2137948025e+00  3.0971694571e+00 -4.2859955701e+00  7.4014605529e+00  2.9160343410e+00 -1.8345443985e+00  7.6099622097e+00  3.2500438079e+00 -3.9761445373e-01  5.6214919732e+00  4.3257522498e+00  1.6069535091e-02  1.0717561637e+00  2.7666340902e+00  2.8098318363e-01 -8.3129375882e-01
ENERGY -3.483478917863e+01

JOB 17
COORDS  4.2126536827e-01 -5.4771470677e-01 -5.9815690327e-01  1.1450157114e+00 -7.3265748903e-01  1.8095440769e-01  2.4309479702e+00 -2.2687126853e-01  7.2762642119e-02  3.3588542560e+00 -4.6179283381e-01  1.0670115613e+00  3.0049533150e+00 -1.2106859520e+00  2.1871679187e+00  1.7160614499e+00 -1.7185488328e+00  2.2984212168e+00  7.9543298007e-01 -1.4756276368e+00  1.2939084079e+00 -2.0429490809e-01 -1.8737088053e+00  1.3876916496e+00  1.4366452362e+00 -2.2990637984e+00  3.1659707608e+00  3.9782695267e+00 -1.3977683516e+00  3.1276553912e+00  3.6785540785e+00 -2.1466930435e+00  4.2513027010e+00  3.2331325976e+00 -1.5125982280e+00  5.4034764402e+00  3.0002347986e+00 -2.2560661979e+00  6.5467021585e+00  3.2069822936e+00 -3.6253077952e+00  6.5427202218e+00  3.6510446615e+00 -4.2545226345e+00  5.3918111199e+00  3.8872168239e+00 -3.5196936530e+00  4.2437777416e+00  4.2329759753e+00 -3.9959028532e+00  3.3384987091e+00  3.8139708688e+00 -5.3220440048e+00  5.3862492592e+00  3.0225906652e+00 -4.2020437761e+00  7.4366418045e+00  2.6545651850e+00 -1.7631759175e+00  7.4432051305e+00  3.0761426169e+00 -4.4447309579e-01  5.3909521574e+00  4.3639693729e+00 -7.6008789966e-02  9.9946822117e-01  2.7130649383e+00  3.5463697074e-01 -7.9246025819e-01
ENERGY -3.483435152085e+01

JOB 18
COORDS  3.6266496831e-01 -3.3706299755e-01 -4.7867846561e-01  1.1080154991e+00 -6.0212093974e-01  2.5564327707e-01  2.4163170103e+00 -1.6843899759e-01  1.0968757218e-01  3.3713807305e+00 -5.0366116954e-01  1.0479223824e+00  3.0227494485e+00 -1.2837473147e+00  2.1483461859e+00  1.7124516057e+00 -1.7233879586e+00  2.2949562746e+00  7.6435951567e-01 -1.3784634024e+00  1.3475141745e+00 -2.5174004191e-01 -1.7243456587e+00  1.4684190097e+00  1.4385114933e+00 -2.3347424630e+00  3.1427679769e+00  4.0279663372e+00 -1.5848024320e+00  3.0238039565e+00  3.7159687859e+00 -2.2549633761e+00  4.1912757657e+00  3.1343305084e+00 -1.5774813727e+00  5.2561369001e+00  2.8802776537e+00 -2.2492893736e+00  6.4378615119e+00  3.1997558484e+00 -3.5914563418e+00  6.5592943198e+00  3.7754797374e+00 -4.2638158092e+00  5.4946665819e+00  4.0306558224e+00 -3.6022743592e+00  4.3066556525e+00  4.4785374454e+00 -4.1129109995e+00  3.4676102442e+00  4.0228150930e+00 -5.3109675111e+00  5.5859687622e+00  2.9994835884e+00 -4.1127038555e+00  7.4833323553e+00  2.4305451889e+00 -1.7220982505e+00  7.2661085970e+00  2.8884852747e+00 -5.3142286068e-01  5.1465870345e+00  4.3941668367e+00 -1.7488083929e-01  9.5032203109e-01  2.6944174317e+00  4.3670558908e-01 -7.4046964104e-01
ENERGY -3.483464191710e+01

JOB 19
COORDS  3.3598836940e-01 -1.1991400602e-01 -3.7613535886e-01  1.0860673749e+00 -4.6967350545e-01  3.1675847273e-01  2.4124772065e+00 -1.0303832545e-01  1.5319618153e-01  3.3735499994e+00 -5.4495109856e-01  1.0401206534e+00  3.0115067205e+00 -1.3667839818e+00  2.1050130952e+00  1.6832803441e+00 -1.7434488689e+00  2.2665708685e+00  7.2987687818e-01 -1.2904227267e+00  1.3718673307e+00 -3.0015575347e-01 -1.5876831617e+00  1.5034774419e+00  1.4002615123e+00 -2.3924613322e+00  3.0827518264e+00  4.0248871332e+00 -1.7905853656e+00  2.9191154419e+00  3.7196318496e+00 -2.3695068053e+00  4.1316745020e+00  3.0452007189e+00 -1.6582292728e+00  5.1179445419e+00  2.8032046349e+00 -2.2499072530e+00  6.3437792548e+00  3.2267206701e+00 -3.5454244221e+00  6.5905277578e+00  3.8960748882e+00 -4.2515235419e+00  5.6055120615e+00  4.1383463126e+00 -3.6715435848e+00  4.3732425492e+00  4.6587554155e+00 -4.2084078487e+00  3.5950116575e+00  4.2249765724e+00 -5.2628228301e+00  5.7930704437e+00  3.0348754495e+00 -4.0031521976e+00  7.5492773960e+00  2.2818922802e+00 -1.6951671318e+00  7.1097849774e+00  2.7192856061e+00 -6.4830520267e-01  4.9150880472e+00  4.4106189979e+00 -2.6980365860e-01  9.2770468675e-01  2.7002726009e+00  5.3442342773e-01 -6.6962136963e-01
ENERGY -3.483544369137e+01

JOB 20
COORDS  1.0297917397e+00  8.0443363202e-01 -2.0605021541e-01  1.4966960319e+00  3.8147887026e-02  3.9386208160e-01  2.5004637768e+00 -7.5243526887e-01 -1.4145907445e-01  3.1032871576e+00 -1.7296529566e+00  6.2617406341e-01  2.7010783387e+00 -1.9259127364e+00  1.9445568646e+00  1.6842758055e+00 -1.1423624028e+00  2.4793217181e+00  1.0913808067e+00 -1.6418332796e-01  1.7015823351e+00  3.0202968445e-01  4.4022167418e-01  2.1237509240e+00  1.3554314012e+00 -1.3055598764e+00  3.4954829302e+00  3.3060063750e+00 -2.9466851242e+00  2.6269464225e+00  3.3209904533e+00 -2.9387141053e+00  4.0006848041e+00  3.6905187246e+00 -1.8118845667e+00  4.7276838128e+00  3.7480427737e+00 -1.8766446629e+00  6.1074168989e+00  3.4433087473e+00 -3.0549572012e+00  6.7683830516e+00  3.0824684726e+00 -4.1768150618e+00  6.0413779579e+00  3.0152712848e+00 -4.1228303770e+00  4.6613320655e+00  2.7367776490e+00 -4.9883158146e+00  4.0802648599e+00  2.8446135746e+00 -5.0986567969e+00  6.5509905336e+00  3.4898045552e+00 -3.0986013620e+00  7.8460234913e+00  4.0369425970e+00 -1.0002737058e+00  6.6685654634e+00  3.9336995347e+00 -8.9676491177e-01  4.2070924417e+00  3.8853614282e+00 -2.3547919790e+00  2.2435355670e-01  2.8193548692e+00 -6.0509364886e-01 -1.1626045277e+00
ENERGY -3.483624272024e+01

JOB 21
COORDS  1.2213436852e+00  9.1995892920e-01 -2.2579586674e-01  1.6009549766e+00  1.1336760063e-01  3.8281326482e-01  2.5778763998e+00 -7.3334046394e-01 -1.1456655747e-01  3.0703952546e+00 -1.7624478909e+00  6.6457283418e-01  2.5839042411e+00 -1.9530220646e+00  1.9544509403e+00  1.5904977936e+00 -1.1141153149e+00  2.4484475899e+00  1.1084010355e+00 -8.4236943594e-02  1.6613557497e+00  3.3730125822e-01  5.6375554035e-01  2.0513339786e+00  1.1932407029e+00 -1.2768849963e+00  3.4399173776e+00  3.0654807191e+00 -3.0317684946e+00  2.6486481109e+00  3.1901635170e+00 -2.9839587785e+00  4.0120852973e+00  3.5264682309e+00 -1.8245333920e+00  4.7030872942e+00  3.6992248088e+00 -1.8705891820e+00  6.0744075293e+00  3.5484825339e+00 -3.0616027789e+00  6.7635393253e+00  3.2312227610e+00 -4.2181708171e+00  6.0705272898e+00  3.0511983298e+00 -4.1851528936e+00  4.7012099328e+00  2.8060437400e+00 -5.0773479559e+00  4.1462060945e+00  3.1194883866e+00 -5.1527120465e+00  6.5998413890e+00  3.6831635991e+00 -3.0892528483e+00  7.8341721515e+00  3.9597292336e+00 -9.6689036526e-01  6.6053840990e+00  3.6614941421e+00 -8.9710029457e-01  4.1654006621e+00  3.8297572828e+00 -2.4323882659e+00  2.9237590593e-01  2.9617631494e+00 -5.8989897663e-01 -1.1136819332e+00
ENERGY -3.483654961004e+01

JOB 22
COORDS  1.4188518763e+00  9.9850781855e-01 -2.5150691639e-01  1.7071208225e+00  1.6404468128e-01  3.6966907177e-01  2.6651967016e+00 -7.3347297610e-01 -7.0975133130e-02  3.0410452453e+00 -1.7991337554e+00  7.2522936791e-01  2.4538250083e+00 -1.9722830756e+00  1.9737522637e+00  1.4773609979e+00 -1.0827586253e+00  2.4104186840e+00  1.1136820007e+00 -1.7376692212e-02  1.6075271188e+00  3.5600093986e-01  6.7137044982e-01  1.9510260747e+00  1.0026438977e+00 -1.2358806093e+00  3.3688297151e+00  2.8075329865e+00 -3.0883306196e+00  2.6905507563e+00  3.0571238299e+00 -3.0120276557e+00  4.0331679502e+00  3.3624371616e+00 -1.8326503057e+00  4.7035111536e+00  3.6588871164e+00 -1.8692792421e+00  6.0545275389e+00  3.6664949940e+00 -3.0689599248e+00  6.7436505043e+00  3.3868058284e+00 -4.2461815739e+00  6.0685278646e+00  3.0875546439e+00 -4.2232184546e+00  4.7210080187e+00  2.8700509383e+00 -5.1305802757e+00  4.1794203637e+00  3.4028441744e+00 -5.1891163262e+00  6.5945797158e+00  3.8970500423e+00 -3.0881418929e+00  7.7979218625e+00  3.8925600289e+00 -9.4817662171e-01  6.5679817398e+00  3.3821082868e+00 -8.9397254922e-01  4.1693832857e+00  3.7843594022e+00 -2.5086727514e+00  3.9617932039e-01  3.1260588580e+00 -6.0204171591e-01 -1.0386478616e+00
ENERGY -3.483611430377e+01

JOB 23
COORDS  1.7151609112e+00  9.6840732291e-01 -3.6272469887e-01  1.7848891123e+00  1.5696766313e-01  3.4590320846e-01  3.0085273763e+00 -4.4034350053e-01  5.9812366457e-01  3.1057819294e+00 -1.4801918054e+00  1.5045678813e+00  1.9677176010e+00 -1.9201712072e+00  2.1722842090e+00  7.3728034573e-01 -1.3295500774e+00  1.9119849339e+00  6.5055724618e-01 -2.9441672443e-01  9.9909845646e-01 -3.0709567828e-01  1.6329148752e-01  8.0042477621e-01 -1.3730432613e-01 -1.6940324071e+00  2.4284760210e+00  1.9991053431e+00 -2.9972148859e+00  3.0285252056e+00  2.7986722833e+00 -2.9877127000e+00  4.1375143074e+00  3.5720283378e+00 -1.9069624640e+00  4.5447273556e+00  4.3131685490e+00 -1.9946728283e+00  5.7105346544e+00  4.2836993334e+00 -3.1418801369e+00  6.4823037057e+00  3.4917156150e+00 -4.2089024220e+00  6.0886064959e+00  2.7467850457e+00 -4.1336705204e+00  4.9294901208e+00  2.1228807291e+00 -4.9535222899e+00  4.6093867089e+00  3.4494852396e+00 -5.1037184882e+00  6.6916847863e+00  4.8661658124e+00 -3.2020589914e+00  7.3889748958e+00  4.9138536391e+00 -1.1507789515e+00  6.0168315583e+00  3.5856668495e+00 -9.9610899015e-01  3.9646722612e+00  4.0547299738e+00 -1.9613929862e+00  1.6920646212e+00  3.8941245133e+00 -9.9696790520e-02  8.2277330468e-02
ENERGY -3.483498198515e+01

