JOB 0
COORDS  7.3627147939e-01 -8.9618831473e-01 -9.4022354576e-01  1.3215296675e+00 -9.3590318803e-01 -3.4179174336e-02  2.5044256728e+00 -2.2126321576e-01  6.5268916824e-02  3.2559892779e+00 -2.7461585495e-01  1.2220694239e+00  2.8321040116e+00 -1.0557543690e+00  2.2950382819e+00  1.6325247096e+00 -1.7533112466e+00  2.2061997717e+00  8.8968376309e-01 -1.6927757543e+00  1.0404295343e+00 -3.9762914557e-02 -2.2395770817e+00  9.7896092934e-01  1.2749574458e+00 -2.3282585197e+00  3.0478639593e+00  3.6081336964e+00 -1.0051151060e+00  3.4201831846e+00  3.4732575371e+00 -1.9429146019e+00  4.4135781319e+00  3.4911331826e+00 -1.4915078325e+00  5.7286511627e+00  3.4348416089e+00 -2.3996447403e+00  6.7693214510e+00  3.3591482573e+00 -3.7575162394e+00  6.5084195935e+00  3.3549579126e+00 -4.2063466732e+00  5.1984690607e+00  3.4165546896e+00 -3.3076503835e+00  4.1494484935e+00  3.4313523788e+00 -3.6566836616e+00  3.1270547846e+00  3.3099116098e+00 -5.2648393669e+00  4.9886019658e+00  3.3100201702e+00 -4.4644298656e+00  7.3227508311e+00  3.4464653802e+00 -2.0438586960e+00  7.7888041805e+00  3.5524949997e+00 -4.3042570907e-01  5.9145838575e+00  4.1779132720e+00  2.7752116037e-01  1.3175484234e+00  2.8436879733e+00  3.8272656643e-01 -7.6311075864e-01
ENERGY -3.483611432778e+01

JOB 1
COORDS  8.6770086360e-01 -1.0551889308e+00 -1.0192271662e+00  1.3885485493e+00 -1.0303067046e+00 -7.4119837819e-02  2.5894197272e+00 -3.4977732033e-01  4.1926007253e-02  3.2613038217e+00 -3.2163067826e-01  1.2487384975e+00  2.7305263008e+00 -9.7843103100e-01  2.3549179017e+00  1.5160618898e+00 -1.6475578520e+00  2.2450175565e+00  8.5544685811e-01 -1.6724227011e+00  1.0303226817e+00 -8.7027706677e-02 -2.1939826419e+00  9.5118906833e-01  1.0899656491e+00 -2.1354338392e+00  3.1097684162e+00  3.4132505447e+00 -8.5547346011e-01  3.5362347326e+00  3.3807545704e+00 -1.8605270130e+00  4.4669981845e+00  3.4699781277e+00 -1.4864755149e+00  5.8044632632e+00  3.5100540623e+00 -2.4544638594e+00  6.7894737929e+00  3.4601209788e+00 -3.7971042377e+00  6.4530106307e+00  3.3837809677e+00 -4.1676577301e+00  5.1213784217e+00  3.3479218496e+00 -3.2086359513e+00  4.1258303464e+00  3.3044950313e+00 -3.4997349658e+00  3.0861778578e+00  3.3576182872e+00 -5.2128538086e+00  4.8505020191e+00  3.4863685755e+00 -4.5514969736e+00  7.2245860666e+00  3.5768176716e+00 -2.1579453765e+00  7.8256599462e+00  3.5099145208e+00 -4.3633003125e-01  6.0489136335e+00  4.1965031279e+00  2.0529592656e-01  1.3571425426e+00  3.0080715132e+00  1.5980200131e-01 -8.1317210372e-01
ENERGY -3.483655078212e+01

JOB 2
COORDS  1.0007493720e+00 -1.1803410477e+00 -1.0756726728e+00  1.4548401630e+00 -1.1052971383e+00 -9.9210399886e-02  2.6804893396e+00 -4.7883143045e-01  5.1093170026e-02  3.2687882598e+00 -3.8732946554e-01  1.2990335004e+00  2.6216096861e+00 -9.1817335729e-01  2.4088455818e+00  1.3869924036e+00 -1.5418177730e+00  2.2614804519e+00  8.1133642263e-01 -1.6329132421e+00  1.0078986282e+00 -1.4806661559e-01 -2.1164163205e+00  8.9756546502e-01  8.8599450551e-01 -1.9455714668e+00  3.1295783135e+00  3.2092930907e+00 -7.4681735151e-01  3.6387153747e+00  3.2888698715e+00 -1.7987277946e+00  4.5107047469e+00  3.4486873438e+00 -1.4837023706e+00  5.8575098787e+00  3.5887845409e+00 -2.4923419342e+00  6.7904412278e+00  3.5687435330e+00 -3.8197340002e+00  6.3941638855e+00  3.4191913818e+00 -4.1312314921e+00  5.0540703317e+00  3.2821457144e+00 -3.1301041094e+00  4.1093724195e+00  3.1792077042e+00 -3.3776571274e+00  3.0627314527e+00  3.4133508052e+00 -5.1631166951e+00  4.7350195817e+00  3.6737271002e+00 -4.6067160088e+00  7.1254060433e+00  3.7105443679e+00 -2.2402470146e+00  7.8334198652e+00  3.4633694513e+00 -4.4496252465e-01  6.1484976655e+00  4.2228450800e+00  9.8406936475e-02  1.4335886194e+00  3.1861022601e+00 -6.4689965398e-02 -8.0852067146e-01
ENERGY -3.483624315631e+01

JOB 3
COORDS  1.1320857740e+00 -1.2718750565e+00 -1.1180875776e+00  1.5165418319e+00 -1.1625130915e+00 -1.1522122262e-01  2.7670859736e+00 -6.0565054640e-01  9.1632028669e-02  3.2668461482e+00 -4.6947165226e-01  1.3743858798e+00  2.5016328946e+00 -8.8150246640e-01  2.4576387095e+00  1.2459096166e+00 -1.4427774202e+00  2.2534880470e+00  7.5894265776e-01 -1.5795299308e+00  9.6687513464e-01 -2.1762833137e-01 -2.0129933581e+00  8.0971108168e-01  6.6362941809e-01 -1.7646811590e+00  3.1047431821e+00  2.9927143750e+00 -6.8026776077e-01  3.7294961155e+00  3.1971192939e+00 -1.7570980397e+00  4.5470329876e+00  3.4213615189e+00 -1.4804923696e+00  5.8936883784e+00  3.6695076857e+00 -2.5111629961e+00  6.7779458567e+00  3.6943757826e+00 -3.8238088024e+00  6.3344464288e+00  3.4770071931e+00 -4.0961441362e+00  4.9956159242e+00  3.2303518105e+00 -3.0722775613e+00  4.0980818618e+00  3.0713898008e+00 -3.2910041541e+00  3.0520037181e+00  3.5018133182e+00 -5.1154153324e+00  4.6390589549e+00  3.8851825406e+00 -4.6284190895e+00  7.0281631317e+00  3.8415542069e+00 -2.2885359931e+00  7.8205751767e+00  3.3988570764e+00 -4.5299031391e-01  6.2215839364e+00  4.2396439048e+00 -3.7520269796e-02  1.5526257196e+00  3.3616712911e+00 -2.8220119378e-01 -7.4975099401e-01
ENERGY -3.483544401714e+01

JOB 4
COORDS  1.2505825097e+00 -1.3180166164e+00 -1.1513950167e+00  1.5676068065e+00 -1.1945186549e+00 -1.2674532704e-01  2.8440309862e+00 -7.3733477784e-01  1.5366410826e-01  3.2569274528e+00 -5.8174574612e-01  1.4650252377e+00  2.3792581299e+00 -8.7599423866e-01  2.4997558491e+00  1.0988196017e+00 -1.3391745058e+00  2.2225982540e+00  6.9757477920e-01 -1.4945330815e+00  9.0836359240e-01 -2.9833803293e-01 -1.8520610972e+00  6.9267186887e-01  4.3182002202e-01 -1.5714073160e+00  3.0397910395e+00  2.7763975060e+00 -6.6153731358e-01  3.8058168943e+00  3.1100423476e+00 -1.7387854064e+00  4.5777074240e+00  3.3846883496e+00 -1.4805771126e+00  5.9188601665e+00  3.7440663666e+00 -2.5137386095e+00  6.7605187210e+00  3.8321084052e+00 -3.8108341697e+00  6.2800730783e+00  3.5612654607e+00 -4.0651055169e+00  4.9477681997e+00  3.2015755723e+00 -3.0380164186e+00  4.0926640549e+00  2.9962925528e+00 -3.2423146532e+00  3.0516931990e+00  3.6305090224e+00 -5.0719943353e+00  4.5628924008e+00  4.1116833194e+00 -4.6171989463e+00  6.9408598739e+00  3.9552790927e+00 -2.3055780476e+00  7.7989666098e+00  3.3112028193e+00 -4.6521083946e-01  6.2756752578e+00  4.2489702701e+00 -2.2696271670e-01  1.7000624550e+00  3.5252324421e+00 -5.0569257352e-01 -6.5155548175e-01
ENERGY -3.483464214403e+01

JOB 5
COORDS  1.3545811010e+00 -1.3086345921e+00 -1.1847630587e+00  1.6070186262e+00 -1.1957211324e+00 -1.4110971446e-01  2.9018514863e+00 -8.7028741326e-01  2.2651467224e-01  3.2312729205e+00 -7.2563160305e-01  1.5622030614e+00  2.2550136951e+00 -9.0637130905e-01  2.5332535764e+00  9.5566911350e-01 -1.2334653713e+00  2.1685443879e+00  6.3637401313e-01 -1.3754700034e+00  8.3002841488e-01 -3.7411785250e-01 -1.6288673055e+00  5.4570537152e-01  2.1020623279e-01 -1.3708113635e+00  2.9374635981e+00  2.5623336220e+00 -6.9737138699e-01  3.8655834004e+00  3.0271774473e+00 -1.7496860427e+00  4.6027939375e+00  3.3371165251e+00 -1.4860852813e+00  5.9351518287e+00  3.8104539990e+00 -2.4980771564e+00  6.7454810838e+00  3.9806211269e+00 -3.7783402673e+00  6.2423116747e+00  3.6722681002e+00 -4.0378483039e+00  4.9192624050e+00  3.1964801378e+00 -3.0325020469e+00  4.0955454075e+00  2.9569689469e+00 -3.2412550871e+00  3.0627142011e+00  3.8009901594e+00 -5.0321994047e+00  4.5174540971e+00  4.3511363508e+00 -4.5675651965e+00  6.8786248837e+00  4.0486560749e+00 -2.2861589029e+00  7.7773064547e+00  3.1986777676e+00 -4.8416317391e-01  6.3102179676e+00  4.2365721683e+00 -4.7285352893e-01  1.8645547026e+00  3.6602740196e+00 -7.2896682087e-01 -5.2910989437e-01
ENERGY -3.483435185852e+01

JOB 6
COORDS  1.4384823895e+00 -1.2343603168e+00 -1.2155933143e+00  1.6339162588e+00 -1.1576238100e+00 -1.5655710286e-01  2.9317319481e+00 -9.9324991332e-01  2.9856695748e-01  3.1873825632e+00 -8.9272572398e-01  1.6537699941e+00  2.1355825849e+00 -9.6601038249e-01  2.5593000623e+00  8.3285110369e-01 -1.1244807168e+00  2.1061470087e+00  5.8749654299e-01 -1.2195446265e+00  7.4782871206e-01 -4.2572615893e-01 -1.3443173537e+00  3.9585343730e-01  2.7663687167e-02 -1.1684199754e+00  2.8236468635e+00  2.3599188786e+00 -7.8636190761e-01  3.9100945659e+00  2.9515837649e+00 -1.7920093952e+00  4.6215555191e+00  3.2879476159e+00 -1.5039624128e+00  5.9424452944e+00  3.8727659615e+00 -2.4734802855e+00  6.7317270539e+00  4.1305817443e+00 -3.7345578005e+00  6.2177318929e+00  3.7930927900e+00 -4.0194456763e+00  4.9069960855e+00  3.2043837538e+00 -3.0573549332e+00  4.1051121786e+00  2.9367435838e+00 -3.2879308216e+00  3.0838963886e+00  3.9859027936e+00 -5.0005560604e+00  4.4983987958e+00  4.5899686075e+00 -4.4900968116e+00  6.8367190043e+00  4.1308960235e+00 -2.2428197426e+00  7.7546813227e+00  3.0802373533e+00 -5.1728807799e-01  6.3259800136e+00  4.1946199395e+00 -7.6331936478e-01  2.0219507660e+00  3.7495720520e+00 -9.3841658490e-01 -4.0451903999e-01
ENERGY -3.483478943658e+01

JOB 7
COORDS  1.5331944365e+00 -1.1254421370e+00 -1.2396535499e+00  1.6693715182e+00 -1.0988710241e+00 -1.6903612750e-01  2.9462655024e+00 -1.0877196146e+00  3.6762558423e-01  3.1278916672e+00 -1.0515784318e+00  1.7375720288e+00  2.0202618173e+00 -1.0403511385e+00  2.5785525088e+00  7.3857240303e-01 -1.0400989694e+00  2.0428878686e+00  5.6884468999e-01 -1.0699218380e+00  6.7049982886e-01 -4.2839890363e-01 -1.0728263882e+00  2.5629137373e-01 -1.0864505127e-01 -1.0135395660e+00  2.7107776689e+00  2.1594855016e+00 -9.1732679798e-01  3.9427086888e+00  2.8742551736e+00 -1.8559525836e+00  4.6341462921e+00  3.2461239031e+00 -1.5207392939e+00  5.9339683389e+00  3.9377822631e+00 -2.4297573976e+00  6.7092872581e+00  4.2680581562e+00 -3.6758489832e+00  6.2009285419e+00  3.8921613042e+00 -4.0092486387e+00  4.9119122361e+00  3.1957234678e+00 -3.1090450746e+00  4.1252150735e+00  2.8948940742e+00 -3.3791354684e+00  3.1231565406e+00  4.1379471574e+00 -4.9811639809e+00  4.5099138959e+00  4.8121002428e+00 -4.3834612569e+00  6.8078281258e+00  4.2236417117e+00 -2.1625535771e+00  7.7158038951e+00  2.9803195880e+00 -5.4656230807e-01  6.3137239893e+00  4.1200674258e+00 -1.0376438524e+00  2.1652382376e+00  3.8076777324e+00 -1.0995443728e+00 -2.8361583873e-01
ENERGY -3.483567040939e+01

JOB 8
COORDS  1.6265854331e+00 -9.9418177667e-01 -1.2505872908e+00  1.7095583885e+00 -1.0258513292e+00 -1.7472859355e-01  2.9511817911e+00 -1.1589605078e+00  4.2386199424e-01  3.0648385358e+00 -1.2001397592e+00  1.8011625942e+00  1.9216482188e+00 -1.1192139658e+00  2.5896811277e+00  6.7517354343e-01 -9.7252291973e-01  1.9910922055e+00  5.7510196361e-01 -9.2656806379e-01  6.1309379877e-01 -3.9536216076e-01 -8.1571090795e-01  1.5273586156e-01 -1.9879409073e-01 -8.9343862156e-01  2.6189103862e+00  1.9774338566e+00 -1.0773966080e+00  3.9604567716e+00  2.8004917724e+00 -1.9338002600e+00  4.6409067500e+00  3.2096672871e+00 -1.5344881093e+00  5.9103384849e+00  3.9957187901e+00 -2.3723776916e+00  6.6769996011e+00  4.3824561162e+00 -3.6098391660e+00  6.1888437777e+00  3.9665107142e+00 -4.0098368079e+00  4.9308433960e+00  3.1756153681e+00 -3.1817398327e+00  4.1550973827e+00  2.8409460461e+00 -3.5032679109e+00  3.1793638180e+00  4.2539550805e+00 -4.9777671590e+00  4.5473174759e+00  5.0007584382e+00 -4.2610234041e+00  6.7877885366e+00  4.3110582119e+00 -2.0553085326e+00  7.6599404138e+00  2.8983448414e+00 -5.6825024099e-01  6.2756341626e+00  4.0333863913e+00 -1.2926443388e+00  2.2712367223e+00  3.8413212447e+00 -1.2240047803e+00 -1.8425691759e-01
ENERGY -3.483639368996e+01

JOB 9
COORDS  1.7053644076e+00 -8.3014127411e-01 -1.2437906585e+00  1.7422512523e+00 -9.3182409960e-01 -1.6985355931e-01  2.9444090400e+00 -1.2002796189e+00  4.6139878749e-01  3.0023334008e+00 -1.3349700702e+00  1.8367392460e+00  1.8416109538e+00 -1.2050745085e+00  2.5918023759e+00  6.3424523091e-01 -9.2358864854e-01  1.9583153035e+00  5.8943277299e-01 -7.8721711520e-01  5.8455192156e-01 -3.5136437210e-01 -5.7071835446e-01  1.0060121444e-01 -2.5353483195e-01 -8.1303310633e-01  2.5612333186e+00  1.8198324502e+00 -1.2691531579e+00  3.9594192675e+00  2.7351061854e+00 -2.0303559421e+00  4.6392950244e+00  3.1673463135e+00 -1.5539085924e+00  5.8730476376e+00  4.0355728370e+00 -2.3089702245e+00  6.6382447250e+00  4.4800811172e+00 -3.5389778138e+00  6.1824547595e+00  4.0394654916e+00 -4.0180321404e+00  4.9605789354e+00  3.1666427387e+00 -3.2736002079e+00  4.1884929053e+00  2.8100619711e+00 -3.6552701144e+00  3.2427181787e+00  4.3713262980e+00 -4.9822943060e+00  4.6047780584e+00  5.1624236661e+00 -4.1246972062e+00  6.7795224874e+00  4.3694138843e+00 -1.9325759299e+00  7.5937364194e+00  2.8097042501e+00 -5.9477671024e-01  6.2140162936e+00  3.9458464081e+00 -1.5269063810e+00  2.3268046517e+00  3.8500243162e+00 -1.3019671712e+00 -1.1837483422e-01
ENERGY -3.483651168522e+01

JOB 10
COORDS  1.7687352040e+00 -6.4194073941e-01 -1.2160181931e+00  1.7694744794e+00 -8.2376261087e-01 -1.5210189300e-01  2.9314691207e+00 -1.2208227453e+00  4.8505201799e-01  2.9434627946e+00 -1.4617061092e+00  1.8476556812e+00  1.7763225379e+00 -1.3006162907e+00  2.5858365572e+00  6.0734207161e-01 -8.9387997807e-01  1.9457845492e+00  6.0892874457e-01 -6.5572943663e-01  5.8605116057e-01 -3.0211668789e-01 -3.4086634667e-01  9.9218121617e-02 -2.8726782490e-01 -7.6866911039e-01  2.5355676399e+00  1.6871667386e+00 -1.4872289960e+00  3.9376186215e+00  2.6775745770e+00 -2.1426928733e+00  4.6278190019e+00  3.1179256464e+00 -1.5757296094e+00  5.8182332475e+00  4.0572764149e+00 -2.2352921475e+00  6.5891246181e+00  4.5628744544e+00 -3.4576696277e+00  6.1800192952e+00  4.1135685871e+00 -4.0275215644e+00  5.0004859283e+00  3.1702726185e+00 -3.3796940805e+00  4.2244456611e+00  2.8049306151e+00 -3.8297703765e+00  3.3127406751e+00  4.4942766876e+00 -4.9871359677e+00  4.6831934843e+00  5.3000037090e+00 -3.9683749349e+00  6.7809781212e+00  4.3979252133e+00 -1.7896126244e+00  7.5118378354e+00  2.7125255282e+00 -6.2364864617e-01  6.1239569601e+00  3.8613146799e+00 -1.7508824031e+00  2.3382036117e+00  3.8436098717e+00 -1.3450854752e+00 -7.9970243893e-02
ENERGY -3.483594307347e+01

JOB 11
COORDS  1.8440950601e+00 -4.3694306567e-01 -1.1629337464e+00  1.8086066871e+00 -7.0468643180e-01 -1.1799565029e-01  2.9267287278e+00 -1.2322756382e+00  5.0148930390e-01  2.8933780583e+00 -1.5853781075e+00  1.8395981671e+00  1.7272255550e+00 -1.3988384477e+00  2.5721455487e+00  6.0063219749e-01 -8.6565861904e-01  1.9477038598e+00  6.4541722862e-01 -5.1961890519e-01  6.1280440720e-01 -2.3243413730e-01 -1.0531038348e-01  1.3943733367e-01 -2.9639227260e-01 -7.3177467289e-01  2.5317759894e+00  1.5787985326e+00 -1.7170765742e+00  3.8935702907e+00  2.6223558989e+00 -2.2650085450e+00  4.6063642474e+00  3.0739210793e+00 -1.5915109737e+00  5.7344289296e+00  4.0673849992e+00 -2.1504237295e+00  6.5176613035e+00  4.6147541266e+00 -3.3764905009e+00  6.1796176678e+00  4.1572544769e+00 -4.0521870699e+00  5.0607732801e+00  3.1602430648e+00 -3.5039366476e+00  4.2747646806e+00  2.7868415986e+00 -4.0323930535e+00  3.4097179824e+00  4.5738900298e+00 -5.0138041275e+00  4.7996175927e+00  5.3933493415e+00 -3.8082058651e+00  6.7902159841e+00  4.4170070646e+00 -1.6238543783e+00  7.3932184923e+00  2.6356479710e+00 -6.3762892038e-01  5.9846021323e+00  3.7793532137e+00 -1.9793942821e+00  2.3151543780e+00  3.8395372798e+00 -1.3759337547e+00 -5.7999715383e-02
ENERGY -3.483485078085e+01

JOB 12
COORDS  1.8778641710e+00  5.1102628278e-01 -7.3188586750e-01  1.8314532888e+00 -1.0466295908e-01  1.5341476084e-01  2.9960503355e+00 -5.3004790161e-01  7.6707883318e-01  2.9491780108e+00 -1.3154982890e+00  1.9054003324e+00  1.7184567079e+00 -1.6837833968e+00  2.4369700175e+00  5.4484395525e-01 -1.2618007239e+00  1.8155471378e+00  6.0571315293e-01 -4.7947984794e-01  6.7990097081e-01 -3.0919144950e-01 -1.5724740833e-01  2.0527624829e-01 -4.0063857764e-01 -1.5623242536e+00  2.2393755810e+00  1.5616561253e+00 -2.4767521522e+00  3.5400320375e+00  2.6132853564e+00 -2.7248344845e+00  4.3881123529e+00  3.4037015716e+00 -1.7058392045e+00  4.9099611847e+00  4.4003658862e+00 -2.0097103011e+00  5.8189033455e+00  4.6096657600e+00 -3.3186663055e+00  6.2194841608e+00  3.8093126440e+00 -4.3287584717e+00  5.7130108221e+00  2.8134323530e+00 -4.0377189390e+00  4.7992950401e+00  2.1797616847e+00 -4.8127382146e+00  4.3966331897e+00  3.9625491294e+00 -5.3503282585e+00  6.0276005531e+00  5.3899577826e+00 -3.5491370037e+00  6.9289591168e+00  5.0125664881e+00 -1.2158700704e+00  6.2207420270e+00  3.2265792678e+00 -6.8337249598e-01  4.6092097895e+00  3.8646464438e+00 -1.6594619303e+00  2.3639997041e+00  3.9563856935e+00 -2.5132636428e-01  3.5871112119e-01
ENERGY -3.483594339197e+01

JOB 13
COORDS  1.8507458262e+00  6.6789626066e-01 -6.1588132383e-01  1.8215252656e+00 -1.4886257282e-02  2.1957094522e-01  2.9968055308e+00 -5.3989416442e-01  7.2833902533e-01  2.9709489663e+00 -1.4135810957e+00  1.8002560213e+00  1.7541422265e+00 -1.7636728425e+00  2.3757197615e+00  5.7106802598e-01 -1.2448465097e+00  1.8566867394e+00  6.0885024063e-01 -3.7630562176e-01  7.8331448731e-01 -3.1323106485e-01  2.3161096076e-02  3.8786491240e-01 -3.6445081049e-01 -1.5378784792e+00  2.3070439531e+00  1.6350649546e+00 -2.6624066386e+00  3.4018455627e+00  2.6442717663e+00 -2.8192894437e+00  4.3161547545e+00  3.3928047561e+00 -1.7529798807e+00  4.8037389359e+00  4.3490573489e+00 -1.9766734133e+00  5.7772355014e+00  4.5607651094e+00 -3.2507921332e+00  6.2756983441e+00  3.8017744205e+00 -4.3079804209e+00  5.8017757683e+00  2.8467026128e+00 -4.0982384280e+00  4.8254842775e+00  2.2452577244e+00 -4.9099412574e+00  4.4465974257e+00  3.9562494359e+00 -5.3031388976e+00  6.1914985872e+00  5.3099923440e+00 -3.4178597373e+00  7.0345906850e+00  4.9278607768e+00 -1.1453075150e+00  6.1518123698e+00  3.2165208642e+00 -7.5561322971e-01  4.4274318484e+00  3.8893152421e+00 -1.8350571946e+00  2.1825458221e+00  3.9455542188e+00 -2.7304689006e-01  2.8640805502e-01
ENERGY -3.483651149941e+01

JOB 14
COORDS  1.8165621730e+00  8.0107811183e-01 -4.9974905557e-01  1.8138170847e+00  5.9066379681e-02  2.8429770377e-01  2.9972160026e+00 -5.4651388254e-01  6.7230253112e-01  3.0018014710e+00 -1.4977495166e+00  1.6755211028e+00  1.8099839870e+00 -1.8390651461e+00  2.3067590222e+00  6.1879821514e-01 -1.2416321382e+00  1.9100710791e+00  6.2626624728e-01 -2.9618565644e-01  9.0151455273e-01 -3.0078831093e-01  1.6756606070e-01  5.9897242705e-01 -2.9839777896e-01 -1.5317716452e+00  2.3987694048e+00  1.7398390305e+00 -2.8297613475e+00  3.2543646565e+00  2.6832652642e+00 -2.9007765900e+00  4.2439544487e+00  3.3799578819e+00 -1.7940983030e+00  4.7172198733e+00  4.2772066591e+00 -1.9441768781e+00  5.7590393951e+00  4.4831977819e+00 -3.1839144264e+00  6.3389498735e+00  3.7773584852e+00 -4.2820939211e+00  5.8755376302e+00  2.8816653745e+00 -4.1465196598e+00  4.8328283410e+00  2.3227677444e+00 -4.9910165256e+00  4.4608170642e+00  3.9276099772e+00 -5.2519387656e+00  6.3260376910e+00  5.1861667433e+00 -3.2927726148e+00  7.1507896700e+00  4.8148522068e+00 -1.0805573581e+00  6.1218724898e+00  3.2116180694e+00 -8.2202587864e-01  4.2765375284e+00  3.9217808291e+00 -1.9801330712e+00  1.9730899530e+00  3.9250506433e+00 -2.8333992125e-01  1.8623507651e-01
ENERGY -3.483639384790e+01

JOB 15
COORDS  1.7587845155e+00  9.0886924304e-01 -3.8884562957e-01  1.7944596813e+00  1.1718491524e-01  3.4427922365e-01  2.9827233044e+00 -5.5256885864e-01  5.8534941599e-01  3.0343807255e+00 -1.5685016610e+00  1.5214117698e+00  1.8884427827e+00 -1.9080998168e+00  2.2326345066e+00  6.9286794719e-01 -1.2457029084e+00  1.9852593501e+00  6.5159171034e-01 -2.3500399372e-01  1.0417740314e+00 -2.7813207886e-01  2.8081779881e-01  8.5317465609e-01 -1.9005674890e-01 -1.5345463989e+00  2.5344623957e+00  1.8801252915e+00 -2.9698746670e+00  3.1093905819e+00  2.7358435209e+00 -2.9680031532e+00  4.1762289377e+00  3.3823431745e+00 -1.8294646312e+00  4.6436000158e+00  4.2033976669e+00 -1.9154654910e+00  5.7539070531e+00  4.3842785863e+00 -3.1222190628e+00  6.4060359265e+00  3.7310604139e+00 -4.2535429876e+00  5.9439984742e+00  2.9116675690e+00 -4.1824283439e+00  4.8350688437e+00  2.3952316021e+00 -5.0531639541e+00  4.4623605702e+00  3.8630877449e+00 -5.1990486978e+00  6.4487637079e+00  5.0272624067e+00 -3.1808481212e+00  7.2710184169e+00  4.7018796111e+00 -1.0264874808e+00  6.1114852747e+00  3.2364563164e+00 -8.8201588351e-01  4.1450210642e+00  3.9555157738e+00 -2.0997722775e+00  1.7130515381e+00  3.8743842645e+00 -2.8844626172e-01  3.6302334819e-02
ENERGY -3.483567037268e+01

JOB 16
COORDS  1.6928690672e+00  9.8797988577e-01 -2.8709255839e-01  1.7741213134e+00  1.5678548576e-01  3.9714613409e-01  2.9518394235e+00 -5.6850030322e-01  4.7081088939e-01  3.0603142158e+00 -1.6347964861e+00  1.3444986096e+00  1.9833367086e+00 -1.9713171322e+00  2.1559583555e+00  7.9944868309e-01 -1.2500651324e+00  2.0804144065e+00  6.9989033138e-01 -1.8761727703e-01  1.1997063532e+00 -2.2070725279e-01  3.7388016393e-01  1.1424144787e+00 -2.9973783332e-02 -1.5324249002e+00  2.7108369152e+00  2.0439994549e+00 -3.0811775960e+00  2.9758567760e+00  2.7958391041e+00 -3.0200307921e+00  4.1155220229e+00  3.3795520545e+00 -1.8525161480e+00  4.5930178803e+00  4.1103371530e+00 -1.8832177274e+00  5.7678392806e+00  4.2639364886e+00 -3.0635127848e+00  6.4725322213e+00  3.6766305488e+00 -4.2250988714e+00  5.9964793911e+00  2.9468934052e+00 -4.2093210795e+00  4.8249756549e+00  2.4831315006e+00 -5.1040339412e+00  4.4400938075e+00  3.7895443863e+00 -5.1509789495e+00  6.5407827090e+00  4.8357340574e+00 -3.0791697034e+00  7.3878760790e+00  4.5605013268e+00 -9.7168084419e-01  6.1327301544e+00  3.2579264950e+00 -9.2609987712e-01  4.0502070857e+00  3.9727551678e+00 -2.2090627450e+00  1.4111971861e+00  3.7896759319e+00 -3.0635593865e-01 -1.5807137334e-01
ENERGY -3.483478947048e+01

JOB 17
COORDS  1.6202695202e+00  1.0333785208e+00 -2.0588136112e-01  1.7507493349e+00  1.7609204925e-01  4.3728340474e-01  2.8974654054e+00 -5.9389257914e-01  3.3795429106e-01  3.0719435535e+00 -1.6929293633e+00  1.1595739389e+00  2.0886522535e+00 -2.0212822956e+00  2.0836885975e+00  9.3776928362e-01 -1.2510753115e+00  2.1864847020e+00  7.7240935224e-01 -1.5411180027e-01  1.3600306776e+00 -1.2283448729e-01  4.4466133858e-01  1.4388764487e+00  1.8465724189e-01 -1.5216376031e+00  2.9113254754e+00  2.2262346847e+00 -3.1570683772e+00  2.8609261945e+00  2.8632193509e+00 -3.0525854734e+00  4.0651288090e+00  3.3724512379e+00 -1.8608718260e+00  4.5672310545e+00  4.0019018244e+00 -1.8507169032e+00  5.7997848938e+00  4.1286448739e+00 -3.0145599223e+00  6.5361470947e+00  3.6194530648e+00 -4.2014625047e+00  6.0330056329e+00  2.9896358633e+00 -4.2261064776e+00  4.8052489572e+00  2.5874593753e+00 -5.1406167315e+00  4.3982381762e+00  3.7138869046e+00 -5.1149714438e+00  6.6012447235e+00  4.6208500424e+00 -2.9985250789e+00  7.4966093303e+00  4.3950798768e+00 -9.2070343938e-01  6.1834654408e+00  3.2758801714e+00 -9.4841386791e-01  3.9963881995e+00  3.9607229473e+00 -2.3026853820e+00  1.0945296668e+00  3.6610941059e+00 -3.3824822169e-01 -3.8155188910e-01
ENERGY -3.483435137558e+01

JOB 18
COORDS  1.5212081918e+00  1.0429008322e+00 -1.6441297592e-01  1.7130743185e+00  1.7647657115e-01  4.5055174699e-01  2.8155957082e+00 -6.2232502026e-01  1.9891782331e-01  3.0676463344e+00 -1.7310503321e+00  9.8726686865e-01  2.2020271862e+00 -2.0457150487e+00  2.0261391840e+00  1.0968064254e+00 -1.2441959872e+00  2.2847533176e+00  8.5627491549e-01 -1.3628078452e-01  1.4928531291e+00 -3.9693451008e-03  4.8543403579e-01  1.6918291367e+00  4.3818782093e-01 -1.4984203309e+00  3.1022130364e+00  2.4263801748e+00 -3.1873778113e+00  2.7715564490e+00  2.9413535909e+00 -3.0609531918e+00  4.0310561035e+00  3.3804348494e+00 -1.8571095650e+00  4.5692526202e+00  3.9014696666e+00 -1.8297358302e+00  5.8511240802e+00  3.9910047433e+00 -2.9884526191e+00  6.6010359071e+00  3.5561998326e+00 -4.1882635028e+00  6.0602869966e+00  3.0328660380e+00 -4.2296209351e+00  4.7838657557e+00  2.6896750910e+00 -5.1544457702e+00  4.3472216638e+00  3.6237423742e+00 -5.0983526559e+00  6.6377574705e+00  4.3982521108e+00 -2.9586452099e+00  7.6001796219e+00  4.2409350921e+00 -8.9033920454e-01  6.2622334927e+00  3.3182356040e+00 -9.4924884053e-01  3.9865896072e+00  3.9231727319e+00 -2.3634378194e+00  8.0458114543e-01  3.4870223263e+00 -3.7917367366e-01 -6.1111972119e-01
ENERGY -3.483464229712e+01

JOB 19
COORDS  5.0829425860e-01  6.5187699553e-01  6.7716336509e-03  1.1589794249e+00 -1.6418268366e-02  5.5039069188e-01  2.5228076324e+00  2.1897935097e-01  5.8657105541e-01  3.3592910322e+00 -6.3144539216e-01  1.2872449000e+00  2.8268283488e+00 -1.7329143349e+00  1.9443493197e+00  1.4572955727e+00 -1.9713982827e+00  1.9114326319e+00  6.2994206525e-01 -1.1117022902e+00  1.2131161746e+00 -4.3315967432e-01 -1.2997023403e+00  1.1859782673e+00  1.0552114906e+00 -2.8284520078e+00  2.4320504203e+00  3.6850311833e+00 -2.6005577813e+00  2.5848733069e+00  3.5548368466e+00 -2.7990490897e+00  3.9314982721e+00  2.8161939982e+00 -1.9686622437e+00  4.7665275882e+00  2.7691635164e+00 -2.2302395811e+00  6.1244623517e+00  3.4524899883e+00 -3.3073584004e+00  6.6599889277e+00  4.1951865001e+00 -4.1283197546e+00  5.8265237814e+00  4.2481473994e+00 -3.8808007520e+00  4.4694180754e+00  4.8217572705e+00 -4.5093659886e+00  3.8063278684e+00  4.7347321296e+00 -4.9695294858e+00  6.2357535564e+00  3.4097690177e+00 -3.5047491975e+00  7.7203024767e+00  2.1936202368e+00 -1.5801941166e+00  6.7669802440e+00  2.2882054702e+00 -1.1199457721e+00  4.3562214012e+00  4.4244043421e+00 -4.6185959033e-01  1.3252713266e+00  2.9385677313e+00  1.0734756298e+00  7.3678188097e-02
ENERGY -3.483544396541e+01

JOB 20
COORDS  4.5476515852e-01  5.2610889229e-01 -8.1443257009e-02  1.1387895374e+00 -7.7090251374e-02  4.9614849527e-01  2.5008836167e+00  1.6459659868e-01  4.3631375803e-01  3.3792783938e+00 -6.0166718833e-01  1.1800594101e+00  2.8923351618e+00 -1.6256411648e+00  1.9840006184e+00  1.5250461306e+00 -1.8753654681e+00  2.0407249897e+00  6.5616822316e-01 -1.0984853499e+00  1.2973298887e+00 -4.0460110515e-01 -1.2962308698e+00  1.3425190912e+00  1.1543157910e+00 -2.6778030622e+00  2.6621935553e+00  3.8036203051e+00 -2.4049455823e+00  2.6546928677e+00  3.5997471080e+00 -2.7132546383e+00  3.9725193257e+00  2.8374785059e+00 -1.9318379009e+00  4.8339568040e+00  2.7263145055e+00 -2.2899977126e+00  6.1653683247e+00  3.3710063941e+00 -3.4148831562e+00  6.6494173076e+00  4.1407898155e+00 -4.1842224526e+00  5.7922407010e+00  4.2566483568e+00 -3.8400702719e+00  4.4597475994e+00  4.8530505243e+00 -4.4272770480e+00  3.7790025524e+00  4.6516894963e+00 -5.0606509632e+00  6.1623710857e+00  3.2780085645e+00 -3.6880027872e+00  7.6895339269e+00  2.1329245256e+00 -1.6783336392e+00  6.8289344566e+00  2.3430531114e+00 -1.0453338486e+00  4.4637087562e+00  4.4434552188e+00 -4.2693584707e-01  1.1438703993e+00  2.8828284420e+00  9.5899101779e-01 -1.8747819746e-01
ENERGY -3.483624306497e+01

JOB 21
COORDS  4.1980022596e-01  3.7351973777e-01 -1.9311476507e-01  1.1268007983e+00 -1.5487907517e-01  4.2829442499e-01  2.4849064372e+00  8.5029119822e-02  3.0039224685e-01  3.3909170121e+00 -5.8602567657e-01  1.0990972465e+00  2.9389138661e+00 -1.5091397735e+00  2.0372278122e+00  1.5766974518e+00 -1.7649173434e+00  2.1552564235e+00  6.8008116022e-01 -1.0830895463e+00  1.3530636046e+00 -3.7635596188e-01 -1.2857788125e+00  1.4497125076e+00  1.2266688744e+00 -2.5003752446e+00  2.8651580604e+00  3.8920930232e+00 -2.1877292500e+00  2.7502027433e+00  3.6341628447e+00 -2.6131483527e+00  4.0271799078e+00  2.8597610382e+00 -1.8868848053e+00  4.9260218251e+00  2.6986579848e+00 -2.3481836892e+00  6.2196021052e+00  3.3080383927e+00 -3.5218312860e+00  6.6294210619e+00  4.0926195165e+00 -4.2343063929e+00  5.7378242189e+00  4.2573171236e+00 -3.7863740306e+00  4.4410501530e+00  4.8666860719e+00 -4.3283031542e+00  3.7346361307e+00  4.5768260700e+00 -5.1469982271e+00  6.0518642480e+00  3.1765427102e+00 -3.8760676921e+00  7.6405526309e+00  2.0960327254e+00 -1.7802124331e+00  6.9129697777e+00  2.3963271647e+00 -9.6267543771e-01  4.6122045478e+00  4.4520669350e+00 -4.1214487912e-01  1.0107247803e+00  2.8420343168e+00  8.0218355060e-01 -4.2360923287e-01
ENERGY -3.483655058327e+01

JOB 22
COORDS  4.0836181763e-01  1.9429979072e-01 -3.1675495515e-01  1.1261339796e+00 -2.5133719508e-01  3.5499901305e-01  2.4816264679e+00 -2.2678036358e-02  1.8119008860e-01  3.4006736671e+00 -5.8879596228e-01  1.0419021030e+00  2.9672659972e+00 -1.3884619175e+00  2.0971660339e+00  1.6092370935e+00 -1.6397064283e+00  2.2584302618e+00  6.9887101709e-01 -1.0644030412e+00  1.3896815075e+00 -3.5450206201e-01 -1.2624688923e+00  1.5231194157e+00  1.2675488599e+00 -2.2915030723e+00  3.0491540318e+00  3.9473069201e+00 -1.9535812775e+00  2.8658815850e+00  3.6559848206e+00 -2.4983133734e+00  4.0918958747e+00  2.8783798954e+00 -1.8384740384e+00  5.0383550655e+00  2.6821485119e+00 -2.4078748809e+00  6.2829212916e+00  3.2624068094e+00 -3.6255509688e+00  6.5964383429e+00  4.0514438380e+00 -4.2718473077e+00  5.6599394274e+00  4.2497515922e+00 -3.7144210963e+00  4.4104349045e+00  4.8635111912e+00 -4.2043586718e+00  3.6705550544e+00  4.5131556869e+00 -5.2177866367e+00  5.9009639846e+00  3.1048338376e+00 -4.0653259048e+00  7.5696061474e+00  2.0767521550e+00 -1.8920809459e+00  7.0136478772e+00  2.4410590555e+00 -8.8033666822e-01  4.7975974853e+00  4.4597397602e+00 -4.2344726410e-01  9.1962011248e-01  2.8259048698e+00  6.0012109531e-01 -6.3101219361e-01
ENERGY -3.483611320237e+01

JOB 23
COORDS  4.2303023968e-01 -2.0670496122e-02 -4.4227387621e-01  1.1408625114e+00 -3.7199692915e-01  2.8316118675e-01  2.4954132688e+00 -1.5195695296e-01  8.9484890981e-02  3.4137111226e+00 -6.0051450376e-01  1.0166608077e+00  2.9830864849e+00 -1.2650219952e+00  2.1639436514e+00  1.6271203424e+00 -1.5095041021e+00  2.3467104931e+00  7.1665734371e-01 -1.0556692981e+00  1.4079677881e+00 -3.3535878414e-01 -1.2473897141e+00  1.5604634841e+00  1.2831419346e+00 -2.0629264200e+00  3.2079554986e+00  3.9711432303e+00 -1.6993887727e+00  3.0031645631e+00  3.6650425237e+00 -2.3680384620e+00  4.1665448123e+00  2.8957147979e+00 -1.7841842716e+00  5.1675379664e+00  2.6767449325e+00 -2.4677158258e+00  6.3495350495e+00  3.2266418763e+00 -3.7237401296e+00  6.5438475265e+00  4.0064032988e+00 -4.2954512382e+00  5.5527815593e+00  4.2268367295e+00 -3.6232838680e+00  4.3644873019e+00  4.8331425532e+00 -4.0541680420e+00  3.5826587355e+00  4.4431995103e+00 -5.2715485552e+00  5.7028093175e+00  3.0522958919e+00 -4.2528205793e+00  7.4685658013e+00  2.0776827137e+00 -2.0126524594e+00  7.1244502730e+00  2.4839227228e+00 -7.9674980731e-01  5.0172001987e+00  4.4718875256e+00 -4.4037550865e-01  8.8073375349e-01  2.8392730115e+00  3.6743523744e-01 -7.9265832360e-01
ENERGY -3.483498205833e+01

