JOB 0
COORDS  1.5324137338e+00 -1.0318200863e+00 -1.1740793991e+00  1.8214353670e+00 -1.0706182240e+00 -1.3481169768e-01  3.1621869276e+00 -1.0856251752e+00  2.1832731161e-01  3.5318424637e+00 -1.1411315772e+00  1.5457815568e+00  2.5605754319e+00 -1.1694123156e+00  2.5472755080e+00  1.2165447010e+00 -1.1609044812e+00  2.1925526214e+00  8.5807564839e-01 -1.1083698895e+00  8.5521649615e-01 -1.8956049644e-01 -1.0985000978e+00  5.9148212376e-01  4.4385897859e-01 -1.1877531269e+00  2.9452225928e+00  3.0258144598e+00 -1.2196171915e+00  3.8290780182e+00  2.1272996260e+00 -1.5698570197e+00  4.8531009214e+00  2.7350544485e+00 -1.7051795945e+00  5.7466240163e+00  1.6033779407e+00 -2.5032296312e+00  4.6241099102e+00  1.3933254752e+00 -7.7783104622e-01  5.0375831791e+00  4.5698099348e+00 -1.1543070772e+00  1.8391239218e+00  3.9236662700e+00 -1.0618638845e+00 -5.4713693714e-01
ENERGY -2.311265741724e+01

JOB 1
COORDS  1.5453012932e+00 -1.1345869031e+00 -1.1727070198e+00  1.8240064839e+00 -1.1154759721e+00 -1.3002427880e-01  3.1609253756e+00 -1.1342918946e+00  2.3502547391e-01  3.5200193136e+00 -1.1198633009e+00  1.5674934647e+00  2.5397031986e+00 -1.0615224496e+00  2.5568473000e+00  1.1982884699e+00 -1.0565662795e+00  2.1906175295e+00  8.4999808723e-01 -1.0775108400e+00  8.5067984885e-01 -1.9482369878e-01 -1.0662023009e+00  5.7607391451e-01  4.2380468527e-01 -1.0272240204e+00  2.9417603995e+00  2.9783273361e+00 -1.0430342013e+00  3.8520048004e+00  2.1466019485e+00 -1.6133765768e+00  4.8349954297e+00  2.7780218414e+00 -1.7638684058e+00  5.7097033846e+00  1.7416710715e+00 -2.5748451740e+00  4.5053951043e+00  1.3198810426e+00 -9.4736790505e-01  5.1060475465e+00  4.5556271441e+00 -1.1354164250e+00  1.8693228208e+00  3.9283673178e+00 -1.1748677696e+00 -5.2378557515e-01
ENERGY -2.311112900425e+01

JOB 2
COORDS  1.5566910053e+00 -1.2134326728e+00 -1.1672043698e+00  1.8225738953e+00 -1.1480662834e+00 -1.2291296747e-01  3.1527888467e+00 -1.1899473550e+00  2.6184444637e-01  3.4937028706e+00 -1.1178012408e+00  1.5984991767e+00  2.5031196073e+00 -9.7253860216e-01  2.5662119884e+00  1.1674354418e+00 -9.4671692793e-01  2.1803839532e+00  8.3583277907e-01 -1.0275262349e+00  8.3931018093e-01 -2.0391317155e-01 -9.9834499457e-01  5.4753192271e-01  3.8871757705e-01 -8.5362470330e-01  2.9222865443e+00  2.9072184630e+00 -8.9155828268e-01  3.8756987266e+00  2.1884225751e+00 -1.6610096300e+00  4.8134917305e+00  2.8198920896e+00 -1.7214244566e+00  5.6988706359e+00  1.9922267197e+00 -2.6679972786e+00  4.4336432862e+00  1.2381664041e+00 -1.1904170097e+00  5.0889556638e+00  4.5246072496e+00 -1.1495054366e+00  1.9152797246e+00  3.9282385580e+00 -1.2961093097e+00 -4.8244049928e-01
ENERGY -2.310895710516e+01

JOB 3
COORDS  1.5531447238e+00 -1.2492714177e+00 -1.1600214344e+00  1.8060563468e+00 -1.1589787319e+00 -1.1424198790e-01  3.1247157593e+00 -1.2642240207e+00  2.9445833797e-01  3.4489191911e+00 -1.1570065273e+00  1.6343216916e+00  2.4528767333e+00 -9.2292820614e-01  2.5758656697e+00  1.1285451054e+00 -8.2050796051e-01  2.1648443263e+00  8.1233856881e-01 -9.3596996364e-01  8.2340335722e-01 -2.1772222512e-01 -8.4911996235e-01  5.0972095386e-01  3.5079152609e-01 -6.3740225414e-01  2.8915194377e+00  2.8232590213e+00 -7.8368920272e-01  3.8973165958e+00  2.2638618198e+00 -1.7185967733e+00  4.7921461341e+00  2.6835811867e+00 -1.4866573443e+00  5.7694823986e+00  2.5361186122e+00 -2.7422607392e+00  4.5116783629e+00  1.1728578854e+00 -1.6438058395e+00  4.8426656529e+00  4.4722584561e+00 -1.2343474478e+00  1.9683370678e+00  3.9041181993e+00 -1.4412540274e+00 -4.3204642062e-01
ENERGY -2.310718996905e+01

JOB 4
COORDS  1.5722771874e+00 -1.2910695149e+00 -1.1503237235e+00  1.8028304524e+00 -1.1736872508e+00 -1.0194440080e-01  3.1043954207e+00 -1.3251057920e+00  3.4438593341e-01  3.4013025912e+00 -1.1802769750e+00  1.6879576304e+00  2.3924854618e+00 -8.6801636056e-01  2.5901857664e+00  1.0850553570e+00 -7.1861692013e-01  2.1428480573e+00  7.9613178846e-01 -8.6922550498e-01  7.9890418152e-01 -2.1984544753e-01 -7.4621109166e-01  4.5324017562e-01  3.0573019585e-01 -4.7286568290e-01  2.8493137392e+00  2.7087074607e+00 -6.8814068694e-01  3.9251704558e+00  2.3330468312e+00 -1.7600813573e+00  4.7601448595e+00  2.6084579607e+00 -1.4686685720e+00  5.7721646001e+00  2.8652399201e+00 -2.6788962977e+00  4.4867518315e+00  1.2551090639e+00 -1.9511936438e+00  4.7164924221e+00  4.4124524178e+00 -1.2914682514e+00  2.0493776799e+00  3.8923442489e+00 -1.5624965166e+00 -3.5521906486e-01
ENERGY -2.310628909756e+01

JOB 5
COORDS  1.6105382435e+00 -1.3099748041e+00 -1.1536431919e+00  1.8051991073e+00 -1.1790341914e+00 -9.9586497637e-02  3.0812752934e+00 -1.3787242076e+00  3.9929580651e-01  3.3347876372e+00 -1.2127747960e+00  1.7490163236e+00  2.3064745831e+00 -8.3937209589e-01  2.6050083570e+00  1.0261083681e+00 -6.3975999332e-01  2.1049065562e+00  7.8030828413e-01 -8.0733783532e-01  7.5385378982e-01 -2.1526743131e-01 -6.4710006042e-01  3.6664867710e-01  2.3659859992e-01 -3.4388284462e-01  2.7796177373e+00  2.5643351455e+00 -6.3112139967e-01  3.9499707377e+00  2.4192348603e+00 -1.7879431876e+00  4.7424599936e+00  2.6397582784e+00 -1.4873966411e+00  5.7651544822e+00  3.1176908170e+00 -2.5746338105e+00  4.4337558756e+00  1.3979485903e+00 -2.1830717084e+00  4.6894345698e+00  4.3272679016e+00 -1.3591599477e+00  2.1486976878e+00  3.8834626322e+00 -1.6647328951e+00 -2.6514076121e-01
ENERGY -2.310597307533e+01

JOB 6
COORDS  1.6615956894e+00 -1.2918992459e+00 -1.1719334027e+00  1.8131834207e+00 -1.1677680087e+00 -1.1005987932e-01  3.0542771239e+00 -1.4256999388e+00  4.4735419301e-01  3.2545758293e+00 -1.2662761910e+00  1.8062979822e+00  2.2045250514e+00 -8.5221303212e-01  2.6175241632e+00  9.6152708559e-01 -5.8726292991e-01  2.0568050435e+00  7.7020773199e-01 -7.4433747290e-01  6.9568162746e-01 -1.9771183012e-01 -5.3639482660e-01  2.6371085478e-01  1.5933804191e-01 -2.5162339796e-01  2.6963957466e+00  2.3960675616e+00 -6.2920817267e-01  3.9688808813e+00  2.5126042626e+00 -1.8004304877e+00  4.7452396937e+00  2.6949022529e+00 -1.4715676739e+00  5.7667746973e+00  3.3449595348e+00 -2.4296474713e+00  4.4113607915e+00  1.5889274228e+00 -2.3900693420e+00  4.7107702293e+00  4.2234867017e+00 -1.4557159061e+00  2.2446916418e+00  3.8732550300e+00 -1.7459063212e+00 -1.8004412045e-01
ENERGY -2.310639003266e+01

JOB 7
COORDS  1.6945553372e+00 -1.2458071916e+00 -1.1934444386e+00  1.8122939621e+00 -1.1443976185e+00 -1.2499656777e-01  3.0134643300e+00 -1.4794660110e+00  4.7606282574e-01  3.1727128433e+00 -1.3501775984e+00  1.8437302826e+00  2.1155829930e+00 -8.9618647337e-01  2.6249454546e+00  9.1429753953e-01 -5.4619158821e-01  2.0179229589e+00  7.6633962308e-01 -6.7128515011e-01  6.4900316565e-01 -1.7091312848e-01 -4.0058218495e-01  1.8547304608e-01  1.1101878293e-01 -1.7193757885e-01  2.6337784914e+00  2.2419949131e+00 -6.7665512616e-01  3.9795878655e+00  2.6048429541e+00 -1.7951047967e+00  4.7580169311e+00  2.6136870560e+00 -1.4511993629e+00  5.7908986889e+00  3.5973755683e+00 -2.1774165090e+00  4.4990701941e+00  1.8737204200e+00 -2.6036639250e+00  4.6491222602e+00  4.1166536140e+00 -1.6009557775e+00  2.3046979034e+00  3.8380941023e+00 -1.8349935265e+00 -1.2441891827e-01
ENERGY -2.310743406659e+01

JOB 8
COORDS  1.7159926095e+00 -1.2068858660e+00 -1.2039423323e+00  1.8069638978e+00 -1.1277152055e+00 -1.3112338287e-01  2.9626188794e+00 -1.5496017436e+00  5.0177334870e-01  3.0890048634e+00 -1.4487668782e+00  1.8760074681e+00  2.0387678521e+00 -9.4107722714e-01  2.6332997270e+00  8.8367553054e-01 -4.9996727884e-01  1.9926668411e+00  7.7060908317e-01 -5.9702498708e-01  6.1949781790e-01 -1.3214542697e-01 -2.5869480478e-01  1.3259845623e-01  8.9237807095e-02 -8.1929382908e-02  2.5911147726e+00  2.1172218110e+00 -7.3859934005e-01  3.9875015687e+00  2.6919795971e+00 -1.7711354485e+00  4.7575366776e+00  2.3991710884e+00 -1.5760238894e+00  5.7882618971e+00  3.7857234509e+00 -1.7688980613e+00  4.6944985877e+00  2.3176741670e+00 -2.7518857625e+00  4.4499519477e+00  3.9980711672e+00 -1.7765152625e+00  2.3574489410e+00  3.7811545329e+00 -1.9512992805e+00 -7.7642192652e-02
ENERGY -2.310927770165e+01

JOB 9
COORDS  1.7610960028e+00 -1.1456085510e+00 -1.2116269569e+00  1.8198965182e+00 -1.0977974528e+00 -1.3483803319e-01  2.9348076479e+00 -1.5834443324e+00  5.2289483103e-01  3.0213305018e+00 -1.5250975763e+00  1.9036321285e+00  1.9704249457e+00 -9.9139127964e-01  2.6414119766e+00  8.5427113426e-01 -4.8737143520e-01  1.9749247163e+00  7.8162051757e-01 -5.4458223642e-01  5.9812239853e-01 -9.0818501977e-02 -1.5699879656e-01  9.3073786891e-02  5.8180059507e-02 -5.5276160589e-02  2.5607926538e+00  1.9880172653e+00 -8.3855241045e-01  3.9992630505e+00  2.7483215481e+00 -1.7535109612e+00  4.7537099263e+00  2.4072164349e+00 -1.6493745164e+00  5.7828623788e+00  3.8189716188e+00 -1.5247458385e+00  4.7105223101e+00  2.5855810529e+00 -2.7814971532e+00  4.4166099819e+00  3.9022396817e+00 -1.9051399694e+00  2.3981808193e+00  3.7545644830e+00 -2.0056317488e+00 -4.0085824940e-02
ENERGY -2.311133614720e+01

JOB 10
COORDS  1.8144558473e+00 -1.0703377238e+00 -1.2178030037e+00  1.8419412920e+00 -1.0620304675e+00 -1.3879943582e-01  2.9201413469e+00 -1.6043347079e+00  5.3433145144e-01  2.9665956561e+00 -1.5982388695e+00  1.9190769232e+00  1.9147808701e+00 -1.0511781503e+00  2.6447924862e+00  8.3170619505e-01 -4.9630175993e-01  1.9621267419e+00  7.9774003167e-01 -5.0473442471e-01  5.8345653281e-01 -4.8510182471e-02 -7.5400330885e-02  6.7780416031e-02  2.9959463717e-02 -6.4463207903e-02  2.5402241651e+00  1.8702096036e+00 -9.6393611967e-01  4.0056993448e+00  2.7825774010e+00 -1.7286473901e+00  4.7550603533e+00  2.4715873934e+00 -1.6265870912e+00  5.7937735573e+00  3.8067193867e+00 -1.3541908980e+00  4.6507130308e+00  2.7516920406e+00 -2.7844485067e+00  4.4679772189e+00  3.8216939695e+00 -2.0257671727e+00  2.4192426981e+00  3.7424305953e+00 -2.0354235979e+00 -1.8202336754e-02
ENERGY -2.311271894276e+01

JOB 11
COORDS  1.8634344796e+00 -9.9009300019e-01 -1.2179705128e+00  1.8638311999e+00 -1.0243488515e+00 -1.3912744122e-01  2.9086153964e+00 -1.6232194442e+00  5.3831610875e-01  2.9214386680e+00 -1.6739790976e+00  1.9231321907e+00  1.8716001774e+00 -1.1164155401e+00  2.6436680270e+00  8.1708068905e-01 -5.1191079758e-01  1.9574642974e+00  8.1632473513e-01 -4.6803709217e-01  5.7933977687e-01 -5.8811015486e-03  2.7572267603e-03  6.0981594031e-02  1.1028785125e-02 -8.4532522275e-02  2.5329808650e+00  1.7754312071e+00 -1.1060432735e+00  4.0038836772e+00  2.8049936816e+00 -1.6987137642e+00  4.7559564447e+00  2.5187996932e+00 -1.5726875975e+00  5.7991236920e+00  3.7664053245e+00 -1.2036231578e+00  4.5835121303e+00  2.9017131185e+00 -2.7669075989e+00  4.5351382987e+00  3.7508879700e+00 -2.1483528561e+00  2.4241495219e+00  3.7300168866e+00 -2.0599130518e+00 -1.1098526996e-02
ENERGY -2.311319502604e+01

JOB 12
COORDS  1.9051110803e+00 -9.0640165641e-01 -1.2126331510e+00  1.8839653094e+00 -9.8601974674e-01 -1.3639596510e-01  2.8988101580e+00 -1.6429369009e+00  5.3312744010e-01  2.8815123667e+00 -1.7521779877e+00  1.9142423008e+00  1.8394280974e+00 -1.1874775496e+00  2.6404909598e+00  8.1161029470e-01 -5.3262255087e-01  1.9609858881e+00  8.3738560046e-01 -4.3301410545e-01  5.8571557018e-01  3.7414319612e-02  8.0029912802e-02  7.2665730664e-02  4.0780270020e-03 -1.1124514834e-01  2.5387522920e+00  1.7056540977e+00 -1.2616109577e+00  3.9963239197e+00  2.8184009770e+00 -1.6638291484e+00  4.7570882285e+00  2.5389309727e+00 -1.5047069278e+00  5.7975846618e+00  3.7030238968e+00 -1.0636201027e+00  4.5219794266e+00  3.0493375786e+00 -2.7241783507e+00  4.6077380028e+00  3.6850959860e+00 -2.2728929167e+00  2.4114851950e+00  3.7159621481e+00 -2.0833162815e+00 -1.9700356435e-02
ENERGY -2.311271897589e+01

JOB 13
COORDS  1.9402540027e+00 -8.2162188017e-01 -1.2014172181e+00  1.9023840411e+00 -9.4857512967e-01 -1.3012678551e-01  2.8892381192e+00 -1.6659034307e+00  5.2029596184e-01  2.8491610090e+00 -1.8365708862e+00  1.8938263324e+00  1.8185664469e+00 -1.2661092818e+00  2.6327578543e+00  8.1573921982e-01 -5.5706699717e-01  1.9727305690e+00  8.6212369075e-01 -3.9892268428e-01  6.0270480572e-01  8.3248454070e-02  1.5792162761e-01  1.0298024492e-01  1.0797758243e-02 -1.4098670525e-01  2.5580978475e+00  1.6624549544e+00 -1.4274971307e+00  3.9807221630e+00  2.8212436172e+00 -1.6215707810e+00  4.7578622362e+00  2.5241776912e+00 -1.4377072618e+00  5.7895102199e+00  3.6134719844e+00 -9.2208110036e-01  4.4750816459e+00  3.1986407383e+00 -2.6468718829e+00  4.6752771551e+00  3.6264384273e+00 -2.4040851743e+00  2.3824761584e+00  3.6977807557e+00 -2.1083717201e+00 -4.3329046960e-02
ENERGY -2.311133613101e+01

JOB 14
COORDS  1.9678569642e+00 -7.5127898594e-01 -1.1896132468e+00  1.9207236310e+00 -9.2194240254e-01 -1.2465456661e-01  2.8759592218e+00 -1.7063847729e+00  4.9684021886e-01  2.8213117339e+00 -1.9330132431e+00  1.8607753476e+00  1.8125746593e+00 -1.3502582307e+00  2.6204326326e+00  8.4158477497e-01 -5.7611719272e-01  1.9902642968e+00  9.0008820001e-01 -3.6280942354e-01  6.2685965093e-01  1.4627769276e-01  2.4495615520e-01  1.4843015467e-01  4.9085098825e-02 -1.5457254715e-01  2.5888219343e+00  1.6469525759e+00 -1.5893136704e+00  3.9607485344e+00  2.8060722752e+00 -1.5647248215e+00  4.7640361017e+00  2.4576905546e+00 -1.4701274424e+00  5.7915966909e+00  3.4449185102e+00 -7.1267549779e-01  4.5140913631e+00  3.3879966330e+00 -2.4883717336e+00  4.6718835738e+00  3.5696741852e+00 -2.5514734928e+00  2.3330735683e+00  3.6669541996e+00 -2.1579131169e+00 -8.4136111076e-02
ENERGY -2.310927769995e+01

JOB 15
COORDS  1.9875239760e+00 -7.1792034171e-01 -1.1775163359e+00  1.9363992280e+00 -9.2113418744e-01 -1.1835839086e-01  2.8424522848e+00 -1.7888936554e+00  4.6670180085e-01  2.7819415774e+00 -2.0559427831e+00  1.8223153219e+00  1.8157708419e+00 -1.4375500268e+00  2.6084620614e+00  8.9729901008e-01 -5.7709112838e-01  2.0166191692e+00  9.6026066381e-01 -3.2169972246e-01  6.5935781549e-01  2.4537532558e-01  3.5040880699e-01  2.0791735266e-01  1.3791167513e-01 -1.2346067501e-01  2.6348253047e+00  1.6615803653e+00 -1.7241013433e+00  3.9475012289e+00  2.7812004946e+00 -1.4755378308e+00  4.7680278631e+00  2.4673126564e+00 -1.7125879479e+00  5.7831385032e+00  3.0812477860e+00 -4.2322618882e-01  4.7154012272e+00  3.6384935389e+00 -2.1023200085e+00  4.5023903946e+00  3.4838889553e+00 -2.7438140585e+00  2.2701064825e+00  3.5970625311e+00 -2.2711493276e+00 -1.3743965547e-01
ENERGY -2.310743406512e+01

JOB 16
COORDS  2.0097675908e+00 -6.6185117638e-01 -1.1523629770e+00  1.9573490915e+00 -9.0719548008e-01 -1.0210730934e-01  2.8211370681e+00 -1.8473273318e+00  4.3412253084e-01  2.7570284063e+00 -2.1666760798e+00  1.7780735994e+00  1.8263500613e+00 -1.5364480309e+00  2.5958747250e+00  9.5535823631e-01 -5.9837166773e-01  2.0563448721e+00  1.0226531072e+00 -2.8802766715e-01  7.0983875558e-01  3.4307747250e-01  4.4138319279e-01  2.9413673290e-01  2.2728491570e-01 -1.2849245932e-01  2.7000862342e+00  1.7033002592e+00 -1.8817640303e+00  3.9293191204e+00  2.7356664815e+00 -1.3967142574e+00  4.7581870299e+00  2.5281204121e+00 -1.7768063071e+00  5.7568857985e+00  2.7427746040e+00 -3.0055051984e-01  4.7788230296e+00  3.7201757714e+00 -1.7493936516e+00  4.4318445406e+00  3.4211239009e+00 -2.9073793214e+00  2.1990406322e+00  3.5445535315e+00 -2.3404056306e+00 -1.9865717139e-01
ENERGY -2.310639025054e+01

JOB 17
COORDS  1.9974287133e+00 -6.0978929922e-01 -1.1317524231e+00  1.9622172370e+00 -8.9483864031e-01 -9.0803978598e-02  2.7970204062e+00 -1.8927629508e+00  3.8292331886e-01  2.7553009327e+00 -2.2604988980e+00  1.7158576917e+00  1.8692705085e+00 -1.6301993429e+00  2.5801006262e+00  1.0325399566e+00 -6.2828777503e-01  2.1050787175e+00  1.0796865066e+00 -2.6585765289e-01  7.7085268233e-01  4.2443441927e-01  5.1017348179e-01  4.0313253040e-01  3.4462446518e-01 -1.4912905480e-01  2.7856883137e+00  1.7957950425e+00 -2.0229936321e+00  3.9063489370e+00  2.6757745890e+00 -1.3237853001e+00  4.7573024780e+00  2.5112320672e+00 -1.7189815382e+00  5.7581047775e+00  2.4678368647e+00 -2.4741211586e-01  4.7503861064e+00  3.7214638122e+00 -1.4825577294e+00  4.4687442454e+00  3.3975059445e+00 -3.0412125087e+00  2.0955895063e+00  3.4835894451e+00 -2.3878874622e+00 -2.8810338604e-01
ENERGY -2.310597244901e+01

JOB 18
COORDS  1.9613582965e+00 -5.8805166559e-01 -1.1282058308e+00  1.9566438972e+00 -8.9556571581e-01 -9.3109362457e-02  2.7656245305e+00 -1.9381163560e+00  3.2506170933e-01  2.7651817237e+00 -2.3307022180e+00  1.6517433761e+00  1.9400390065e+00 -1.6861892627e+00  2.5644384017e+00  1.1297533557e+00 -6.3755098310e-01  2.1454105962e+00  1.1392367945e+00 -2.4852344924e-01  8.1840675729e-01  5.0370232009e-01  5.6258789044e-01  4.9432860197e-01  4.8819385797e-01 -1.4248085403e-01  2.8596544580e+00  1.9207520457e+00 -2.1134815035e+00  3.8803253118e+00  2.6056739717e+00 -1.2669165299e+00  4.7756614783e+00  2.4793245131e+00 -1.7037013217e+00  5.7647026268e+00  2.1944684947e+00 -2.5140054548e-01  4.7705029562e+00  3.6735695672e+00 -1.2159446813e+00  4.5323643015e+00  3.3876848756e+00 -3.1447552421e+00  1.9911619385e+00  3.4045136599e+00 -2.4452279807e+00 -3.8299717709e-01
ENERGY -2.310628913304e+01

JOB 19
COORDS  1.9155853773e+00 -5.9305603173e-01 -1.1393946219e+00  1.9460944294e+00 -9.0538085644e-01 -1.0629333376e-01  2.7262128375e+00 -1.9849598142e+00  2.7176845130e-01  2.7724908303e+00 -2.3807435638e+00  1.5957949267e+00  2.0192055185e+00 -1.7075358164e+00  2.5511758294e+00  1.2385187741e+00 -6.2155398465e-01  2.1711158028e+00  1.2035302410e+00 -2.2810841044e-01  8.4568464195e-01  5.9005595849e-01  6.1246039874e-01  5.5576002843e-01  6.5026947507e-01 -9.5638347486e-02  2.9085842496e+00  2.0634923034e+00 -2.1584478837e+00  3.8540527880e+00  2.5329847872e+00 -1.2320281880e+00  4.8074731968e+00  2.5326852196e+00 -1.7568794087e+00  5.7612434370e+00  1.8884819483e+00 -3.5030346166e-01  4.8822993047e+00  3.5521081914e+00 -9.0673152093e-01  4.5702939119e+00  3.3738081848e+00 -3.2216383482e+00  1.9057768752e+00  3.3101968340e+00 -2.5154751812e+00 -4.6588534465e-01
ENERGY -2.310718996340e+01

JOB 20
COORDS  1.8874708592e+00 -6.1464455091e-01 -1.1484044127e+00  1.9460133183e+00 -9.2476900599e-01 -1.1597010117e-01  2.6791912819e+00 -2.0466670069e+00  2.3483641869e-01  2.7639584737e+00 -2.4377124400e+00  1.5569620359e+00  2.0881987599e+00 -1.7231651367e+00  2.5426237209e+00  1.3656288685e+00 -5.8811267463e-01  2.1916804165e+00  1.2932762006e+00 -2.0015799603e-01  8.6533390450e-01  7.2291915576e-01  6.7817309287e-01  6.0023595724e-01  8.5259803377e-01 -1.4340895995e-02  2.9486947701e+00  2.1997814666e+00 -2.1711747040e+00  3.8354866244e+00  2.4434813784e+00 -1.1997769712e+00  4.8280517605e+00  2.8066475600e+00 -1.7447718606e+00  5.6983365733e+00  1.5323578773e+00 -6.5826925388e-01  5.1054273617e+00  3.2016705827e+00 -4.8140561241e-01  4.5026342596e+00  3.3310123449e+00 -3.3084838288e+00  1.8473399261e+00  3.2015147490e+00 -2.6107415735e+00 -5.2381907201e-01
ENERGY -2.310895709598e+01

JOB 21
COORDS  1.8148633160e+00 -6.4635071013e-01 -1.1575024873e+00  1.9195097860e+00 -9.4303987902e-01 -1.2489682345e-01  2.6371605313e+00 -2.0820463130e+00  2.0469923904e-01  2.7802636525e+00 -2.4569675086e+00  1.5251583929e+00  2.1832652675e+00 -1.7063806147e+00  2.5369128682e+00  1.4749145869e+00 -5.5640877468e-01  2.2065670371e+00  1.3431172039e+00 -1.8651679819e-01  8.7874790950e-01  7.8483420219e-01  7.0483363058e-01  6.3183725195e-01  1.0174756410e+00  4.7079014008e-02  2.9756524160e+00  2.3662934460e+00 -2.1498923825e+00  3.8175044111e+00  2.3803014137e+00 -1.1906441944e+00  4.8485181937e+00  2.8204390715e+00 -1.6871559699e+00  5.7123463593e+00  1.3696110843e+00 -8.5729709224e-01  5.1091182354e+00  2.9872767255e+00 -3.2200734203e-01  4.5763359988e+00  3.3363033020e+00 -3.3396607926e+00  1.7998014982e+00  3.1000916802e+00 -2.6735646914e+00 -5.7135035688e-01
ENERGY -2.311112957576e+01

JOB 22
COORDS  1.7209295175e+00 -6.9178912371e-01 -1.1636485184e+00  1.8805069585e+00 -9.6568884956e-01 -1.3181768797e-01  2.5975656205e+00 -2.1088832847e+00  1.8665289696e-01  2.8058388142e+00 -2.4553555188e+00  1.5052097367e+00  2.2858574282e+00 -1.6662372037e+00  2.5318319061e+00  1.5727768490e+00 -5.1652155662e-01  2.2125623545e+00  1.3734484615e+00 -1.7780118446e-01  8.8394699470e-01  8.1448931543e-01  7.1592987453e-01  6.4740122041e-01  1.1646168625e+00  1.1607078366e-01  2.9855659263e+00  2.5414335082e+00 -2.0944464040e+00  3.8020203076e+00  2.3319569197e+00 -1.1969996256e+00  4.8646792877e+00  2.7448618137e+00 -1.6824856250e+00  5.7477860569e+00  1.2661882680e+00 -1.0042591689e+00  5.0291439597e+00  2.8499246117e+00 -2.4775435897e-01  4.6950885303e+00  3.3617773585e+00 -3.3405323880e+00  1.7716346117e+00  3.0035486035e+00 -2.7292667848e+00 -5.9860743969e-01
ENERGY -2.311265724715e+01

JOB 23
COORDS  1.6232785783e+00 -7.4649825510e-01 -1.1618611282e+00  1.8375460586e+00 -9.9032963407e-01 -1.3242895089e-01  2.5582926371e+00 -2.1326237766e+00  1.8179340249e-01  2.8317234287e+00 -2.4433154014e+00  1.4969797347e+00  2.3864360066e+00 -1.6119561075e+00  2.5260108644e+00  1.6639201004e+00 -4.6720714896e-01  2.2108160499e+00  1.3958454148e+00 -1.6634366923e-01  8.8483645461e-01  8.3337514308e-01  7.2624185656e-01  6.5222399418e-01  1.3054614790e+00  1.9548599039e-01  2.9830453055e+00  2.7102528976e+00 -2.0092605289e+00  3.7896184222e+00  2.2916470210e+00 -1.2158487695e+00  4.8721858547e+00  2.6580514195e+00 -1.7191002288e+00  5.7657047910e+00  1.2000163025e+00 -1.1438481947e+00  4.9208432086e+00  2.7202817842e+00 -2.0930811938e-01  4.8238841312e+00  3.3908476957e+00 -3.3273782752e+00  1.7602940712e+00  2.9087449434e+00 -2.7847301564e+00 -6.0449606196e-01
ENERGY -2.311319497697e+01

