JOB 0
COORDS  1.8338790498e+00  8.4890397331e-01 -4.9269733638e-01  1.8414991123e+00  9.0380256435e-02  2.7531718734e-01  3.0347068406e+00 -5.0170986826e-01  6.5390276659e-01  3.0536881189e+00 -1.4730999754e+00  1.6376398069e+00  1.8666951059e+00 -1.8504972148e+00  2.2574979589e+00  6.6624686641e-01 -1.2665277515e+00  1.8684148212e+00  6.5852783389e-01 -3.0030947302e-01  8.7969556073e-01 -2.7629072317e-01  1.5162608500e-01  5.8317850294e-01 -2.4695257841e-01 -1.5835095401e+00  2.3477706241e+00  1.8087205733e+00 -2.8575646136e+00  3.1885201410e+00  2.7086842773e+00 -2.9181332762e+00  4.2166612636e+00  3.4703258215e+00 -1.8383625240e+00  4.6496940293e+00  4.3106924186e+00 -1.9862593407e+00  5.7388672470e+00  4.3924137067e+00 -3.1938216905e+00  6.4092394858e+00  3.6139533606e+00 -4.2613215670e+00  5.9919472214e+00  2.7726594424e+00 -4.1274398995e+00  4.9055432880e+00  2.1579062668e+00 -4.9473369572e+00  4.5683080726e+00  3.6609302194e+00 -5.2040420619e+00  6.5165398743e+00  5.0522589261e+00 -3.3005160717e+00  7.2567043383e+00  4.9006540786e+00 -1.1433452562e+00  6.0676317873e+00  3.3963558523e+00 -8.8502185058e-01  4.1472225921e+00  3.9810835781e+00 -1.9491129182e+00  1.9216468288e+00  3.9589576341e+00 -2.1131115837e-01  1.7648639756e-01
ENERGY -3.483611398044e+01

JOB 1
COORDS  1.9336317967e+00  6.8484606669e-01 -6.1867936604e-01  1.8899325981e+00 -7.6391402140e-03  2.0817661792e-01  3.0504714467e+00 -5.8844786247e-01  6.8995762200e-01  3.0056073022e+00 -1.4754554636e+00  1.7500271894e+00  1.7841408735e+00 -1.7797265546e+00  2.3416656019e+00  6.1521658986e-01 -1.2061542648e+00  1.8502329198e+00  6.7248520386e-01 -3.2523460486e-01  7.8750438318e-01 -2.3800150020e-01  1.1811689180e-01  4.1254149206e-01 -3.2448873117e-01 -1.4662489120e+00  2.3121062429e+00  1.6507896040e+00 -2.6956963117e+00  3.3518690024e+00  2.6285398681e+00 -2.8330637193e+00  4.3015353548e+00  3.3912281769e+00 -1.7669684008e+00  4.7669201517e+00  4.3147824268e+00 -1.9735798761e+00  5.7753184154e+00  4.4801113751e+00 -3.2308682866e+00  6.3303749070e+00  3.7072726252e+00 -4.2876065283e+00  5.8780291021e+00  2.7847350655e+00 -4.0947220933e+00  4.8679520753e+00  2.1731767159e+00 -4.9061579899e+00  4.5051474607e+00  3.8253409742e+00 -5.2695272613e+00  6.3116095000e+00  5.2041789601e+00 -3.3851102284e+00  7.1158865084e+00  4.9042590142e+00 -1.1418037533e+00  6.1319824266e+00  3.2516496875e+00 -7.8139832697e-01  4.3467319775e+00  3.9106089202e+00 -1.9401813772e+00  2.1139342211e+00  4.0019267884e+00 -3.5570469676e-01  2.3490865332e-01
ENERGY -3.483655045818e+01

JOB 2
COORDS  2.0109948692e+00  5.0985378443e-01 -7.2315697275e-01  1.9294266328e+00 -1.1361854244e-01  1.5420651416e-01  3.0629608187e+00 -6.6849169094e-01  7.2224102298e-01  2.9693011468e+00 -1.4674339776e+00  1.8474473376e+00  1.7237098026e+00 -1.7100529773e+00  2.4161360147e+00  5.8075411250e-01 -1.1607039331e+00  1.8413483041e+00  6.8873042716e-01 -3.6825255467e-01  7.1533325967e-01 -2.0160802298e-01  5.6144212601e-02  2.7571359971e-01 -3.7778471863e-01 -1.3700193361e+00  2.2901088464e+00  1.5352436913e+00 -2.5271478210e+00  3.4978287522e+00  2.5650029394e+00 -2.7429949268e+00  4.3812290478e+00  3.3210004669e+00 -1.6989661818e+00  4.9039984462e+00  4.3058038975e+00 -1.9667293871e+00  5.8365587828e+00  4.5413608249e+00 -3.2660567255e+00  6.2542412670e+00  3.7829980273e+00 -4.3029181455e+00  5.7373930288e+00  2.7995557608e+00 -4.0475884282e+00  4.7995081962e+00  2.1992219310e+00 -4.8438548289e+00  4.3874959609e+00  3.9617154946e+00 -5.3178356427e+00  6.0600803551e+00  5.3120928691e+00 -3.4687033223e+00  6.9824168736e+00  4.8895590207e+00 -1.1532768478e+00  6.2414784548e+00  3.1287098216e+00 -6.8642556149e-01  4.5794783324e+00  3.8556439629e+00 -1.9091545190e+00  2.2796223065e+00  4.0332020055e+00 -4.8410534061e-01  2.8502472852e-01
ENERGY -3.483624218348e+01

JOB 3
COORDS  2.0522425299e+00  2.9989151829e-01 -8.3155250919e-01  1.9478884543e+00 -2.4265879870e-01  9.5706125395e-02  3.0635662676e+00 -7.6084249255e-01  7.2856627104e-01  2.9408892607e+00 -1.4568856433e+00  1.9182057509e+00  1.6839065828e+00 -1.6340015299e+00  2.4847080081e+00  5.5857695473e-01 -1.1178977281e+00  1.8461471292e+00  6.9503500040e-01 -4.2830106986e-01  6.5810518105e-01 -1.8202946199e-01 -3.0522003602e-02  1.6949055570e-01 -4.0894580295e-01 -1.2721149915e+00  2.2977435151e+00  1.4624753949e+00 -2.3333681477e+00  3.6385629329e+00  2.5268918403e+00 -2.6368232578e+00  4.4595042470e+00  3.2824618520e+00 -1.6336455783e+00  5.0563306742e+00  4.3085100052e+00 -1.9713956250e+00  5.9191665716e+00  4.5862835194e+00 -3.3015465957e+00  6.1878777403e+00  3.8332972237e+00 -4.2981761131e+00  5.5907187412e+00  2.8082267758e+00 -3.9714852102e+00  4.7211528286e+00  2.2118354350e+00 -4.7360837552e+00  4.2474838799e+00  4.0489912763e+00 -5.3362604625e+00  5.7955772986e+00  5.3888990735e+00 -3.5600997478e+00  6.8620129782e+00  4.8927002358e+00 -1.1911493830e+00  6.3841684310e+00  3.0570925945e+00 -5.9942852773e-01  4.8397796882e+00  3.8152782358e+00 -1.8677481472e+00  2.4020176426e+00  4.0435225342e+00 -6.2778940343e-01  2.9425877776e-01
ENERGY -3.483544404220e+01

JOB 4
COORDS  2.0635177914e+00  8.0765934883e-02 -9.3041193343e-01  1.9506265408e+00 -3.7857020686e-01  3.9784891670e-02  3.0579320753e+00 -8.5930082402e-01  7.1488955144e-01  2.9246415998e+00 -1.4495803338e+00  1.9595805963e+00  1.6653059972e+00 -1.5587428562e+00  2.5373207122e+00  5.4838609442e-01 -1.0772726711e+00  1.8578504034e+00  6.9539424771e-01 -4.9240290026e-01  6.1643672636e-01 -1.7519772601e-01 -1.2146265044e-01  9.6055498665e-02 -4.2069375953e-01 -1.1742245829e+00  2.3217447209e+00  1.4348585622e+00 -2.1372330327e+00  3.7537487693e+00  2.5158039903e+00 -2.5252475717e+00  4.5221177668e+00  3.2503600072e+00 -1.5802348795e+00  5.2281886566e+00  4.2940088114e+00 -1.9904251246e+00  6.0374282519e+00  4.6091545118e+00 -3.3350771400e+00  6.1414697153e+00  3.8772359823e+00 -4.2728722495e+00  5.4331013939e+00  2.8333356371e+00 -3.8734545989e+00  4.6177047088e+00  2.2538858957e+00 -4.5926450578e+00  4.0588143927e+00  4.1227268280e+00 -5.3215944759e+00  5.5102222480e+00  5.4250133750e+00 -3.6512025497e+00  6.7740114011e+00  4.8632696284e+00 -1.2563133001e+00  6.5880487596e+00  2.9949714705e+00 -5.3478115532e-01  5.1359754227e+00  3.7931247241e+00 -1.8280069164e+00  2.4793161651e+00  4.0399334966e+00 -7.7845355091e-01  2.7233364024e-01
ENERGY -3.483464187631e+01

JOB 5
COORDS  2.0362588816e+00 -1.4632503976e-01 -1.0291412967e+00  1.9331662864e+00 -5.1962488241e-01 -2.1635000157e-02  3.0431397054e+00 -9.6500374611e-01  6.7296942568e-01  2.9219864466e+00 -1.4456581800e+00  1.9652099805e+00  1.6714164174e+00 -1.4810253283e+00  2.5705002512e+00  5.5197867093e-01 -1.0326881976e+00  1.8728611936e+00  6.8739023382e-01 -5.5569139520e-01  5.8489454800e-01 -1.8511918304e-01 -2.0988089786e-01  5.0591141259e-02 -4.0963994587e-01 -1.0680401700e+00  2.3604158111e+00  1.4558252566e+00 -1.9363246081e+00  3.8405369772e+00  2.5345447033e+00 -2.4056393146e+00  4.5680837346e+00  3.2236056785e+00 -1.5445052911e+00  5.4116529641e+00  4.2582891622e+00 -2.0321700742e+00  6.1898177833e+00  4.6076529787e+00 -3.3706582091e+00  6.1266434508e+00  3.9185583230e+00 -4.2266730207e+00  5.2839748014e+00  2.8821550178e+00 -3.7486108686e+00  4.5022663805e+00  2.3358637496e+00 -4.4032351480e+00  3.8397854484e+00  4.1884890097e+00 -5.2710759255e+00  5.2335533479e+00  5.4167604551e+00 -3.7469095888e+00  6.7345030322e+00  4.7939410477e+00 -1.3630005808e+00  6.8466633986e+00  2.9398254683e+00 -5.0347999267e-01  5.4494766829e+00  3.7931787512e+00 -1.7915293705e+00  2.5029324038e+00  4.0183286668e+00 -9.4058286388e-01  2.0917599905e-01
ENERGY -3.483435154730e+01

JOB 6
COORDS  1.9638602188e+00 -3.7391180937e-01 -1.1201233813e+00  1.8894038595e+00 -6.5962791196e-01 -8.1927586024e-02  3.0158007268e+00 -1.0659628699e+00  6.1031697237e-01  2.9317863913e+00 -1.4350653530e+00  1.9414602389e+00  1.7019245613e+00 -1.3985992305e+00  2.5881020337e+00  5.6658552221e-01 -9.8676582886e-01  1.8936891299e+00  6.6533694480e-01 -6.1947564806e-01  5.6696866986e-01 -2.1918963216e-01 -3.0154168847e-01  3.5155475270e-02 -3.7777810961e-01 -9.6172857120e-01  2.4145682600e+00  1.5254755031e+00 -1.7283898798e+00  3.9026196109e+00  2.5812256085e+00 -2.2805803199e+00  4.6011356302e+00  3.2092974272e+00 -1.5282623146e+00  5.5844810691e+00  4.2115349241e+00 -2.0994247273e+00  6.3484871936e+00  4.5883982529e+00 -3.4144823474e+00  6.1353002096e+00  3.9557525695e+00 -4.1643022239e+00  5.1575240941e+00  2.9499420975e+00 -3.6040854680e+00  4.3915490816e+00  2.4481256474e+00 -4.1780577919e+00  3.6263888450e+00  4.2429057288e+00 -5.1921893846e+00  4.9925578983e+00  5.3723560210e+00 -3.8561391127e+00  6.7319708547e+00  4.7005208070e+00 -1.5130720005e+00  7.1121575767e+00  2.9027184460e+00 -5.0515298284e-01  5.7401925970e+00  3.8166697827e+00 -1.7451196542e+00  2.4786176205e+00  3.9749424831e+00 -1.0963955748e+00  1.1454036569e-01
ENERGY -3.483478911619e+01

JOB 7
COORDS  1.8692429866e+00 -5.9164388990e-01 -1.1898060349e+00  1.8356764622e+00 -7.9131687166e-01 -1.2959476894e-01  2.9891504809e+00 -1.1413997014e+00  5.4938610438e-01  2.9564530119e+00 -1.4006527041e+00  1.9081276078e+00  1.7521061298e+00 -1.3122514120e+00  2.5966318022e+00  5.9090606291e-01 -9.5370672986e-01  1.9160693453e+00  6.3811495214e-01 -6.9432665402e-01  5.6094431905e-01 -2.6639467424e-01 -4.1776889694e-01  3.9790013855e-02 -3.3240839842e-01 -8.8252773571e-01  2.4694654774e+00  1.6324183583e+00 -1.5166587661e+00  3.9434317237e+00  2.6421948916e+00 -2.1589016145e+00  4.6239247523e+00  3.2028275583e+00 -1.5252535134e+00  5.7257057841e+00  4.1543101719e+00 -2.1826765213e+00  6.4844103589e+00  4.5480323189e+00 -3.4674465699e+00  6.1510392152e+00  3.9791170501e+00 -4.1012016433e+00  5.0586815561e+00  3.0226793380e+00 -3.4560880815e+00  4.2970885820e+00  2.5697392143e+00 -3.9442178210e+00  3.4461649952e+00  4.2753232948e+00 -5.1072960107e+00  4.8011312146e+00  5.2933124459e+00 -3.9764609317e+00  6.7434234188e+00  4.5910643161e+00 -1.6869825936e+00  7.3385776914e+00  2.8824475012e+00 -5.2521857239e-01  5.9744546915e+00  3.8624923526e+00 -1.6627087453e+00  2.4353232860e+00  3.9287899559e+00 -1.2116267134e+00  2.1361323598e-02
ENERGY -3.483567048488e+01

JOB 8
COORDS  1.7617331628e+00 -7.8485149893e-01 -1.2331700943e+00  1.7762865364e+00 -9.0546328242e-01 -1.6064748855e-01  2.9653042088e+00 -1.1830336804e+00  4.9111068723e-01  2.9947089296e+00 -1.3410924685e+00  1.8648446710e+00  1.8177795675e+00 -1.2264860760e+00  2.5967743290e+00  6.2293086535e-01 -9.3721619522e-01  1.9435155093e+00  6.0735493899e-01 -7.7727208820e-01  5.7167875058e-01 -3.2360527007e-01 -5.5499151956e-01  7.1598344135e-02 -2.7773376999e-01 -8.3935665085e-01  2.5293104346e+00  1.7685923117e+00 -1.3157709287e+00  3.9620344833e+00  2.7091073246e+00 -2.0522081583e+00  4.6380228698e+00  3.1977166704e+00 -1.5325016345e+00  5.8316307862e+00  4.0855105240e+00 -2.2710960061e+00  6.5913808134e+00  4.4906524130e+00 -3.5262491489e+00  6.1694634596e+00  3.9929819119e+00 -4.0474593700e+00  4.9869512105e+00  3.0999488953e+00 -3.3207344243e+00  4.2216638456e+00  2.7011319813e+00 -3.7290927516e+00  3.3041505981e+00  4.2951847669e+00 -5.0310876457e+00  4.6589549576e+00  5.1874871112e+00 -4.0991092220e+00  6.7623573339e+00  4.4647375048e+00 -1.8620043628e+00  7.5160012657e+00  2.8694804593e+00 -5.5439753112e-01  6.1475319980e+00  3.9271923530e+00 -1.5436220272e+00  2.3716873656e+00  3.8831123847e+00 -1.2732360224e+00 -7.1113670912e-02
ENERGY -3.483639398663e+01

JOB 9
COORDS  1.6374910358e+00 -9.6562280704e-01 -1.2573302723e+00  1.7114789334e+00 -1.0123343485e+00 -1.8141588186e-01  2.9389803388e+00 -1.2244123301e+00  4.2313591970e-01  3.0427637839e+00 -1.2871530152e+00  1.8004756036e+00  1.9020853176e+00 -1.1444993125e+00  2.5840396492e+00  6.6992324462e-01 -9.1848701903e-01  1.9791932278e+00  5.8051186557e-01 -8.5279180008e-01  6.0158068966e-01 -3.7914636624e-01 -6.7980296442e-01  1.3774308313e-01 -2.0132393673e-01 -7.9409663737e-01  2.6033705702e+00  1.9388985086e+00 -1.1281885286e+00  3.9544845859e+00  2.7854230699e+00 -1.9582542811e+00  4.6398584506e+00  3.1942341166e+00 -1.5327639337e+00  5.9006146150e+00  4.0021269414e+00 -2.3431349248e+00  6.6744286779e+00  4.4113649566e+00 -3.5789579534e+00  6.2011071120e+00  3.9949899233e+00 -4.0052922897e+00  4.9517580566e+00  3.1827090853e+00 -3.2051893568e+00  4.1688730447e+00  2.8457293607e+00 -3.5492237812e+00  3.2017346738e+00  4.2993719128e+00 -4.9728633708e+00  4.5806495040e+00  5.0469631571e+00 -4.2087445998e+00  6.8048429257e+00  4.3170124579e+00 -2.0055404143e+00  7.6506432242e+00  2.8651885641e+00 -5.6812465932e-01  6.2543990499e+00  4.0033070511e+00 -1.4366155324e+00  2.2721134423e+00  3.8275124595e+00 -1.3362388336e+00 -1.8056749246e-01
ENERGY -3.483651214562e+01

JOB 10
COORDS  1.5009821247e+00 -1.1123936501e+00 -1.2575182015e+00  1.6402772959e+00 -1.0971536457e+00 -1.8715451098e-01  2.9081250650e+00 -1.2463420106e+00  3.4972759145e-01  3.0951123338e+00 -1.2289679267e+00  1.7195170523e+00  2.0003024111e+00 -1.0702268149e+00  2.5632193092e+00  7.2902286937e-01 -9.0712679694e-01  2.0249039560e+00  5.5431112930e-01 -9.2036365339e-01  6.5336240538e-01 -4.3567480116e-01 -7.9553005074e-01  2.4055308720e-01 -1.0652737485e-01 -7.6833920863e-01  2.6933761539e+00  2.1326634868e+00 -9.7118640477e-01  3.9268717889e+00  2.8690012638e+00 -1.8836119852e+00  4.6306470814e+00  3.1803094452e+00 -1.5363825994e+00  5.9436481290e+00  3.8981202930e+00 -2.4071694493e+00  6.7386540993e+00  4.3177898125e+00 -3.6285053300e+00  6.2363226355e+00  4.0021829688e+00 -3.9755354440e+00  4.9348207347e+00  3.2822486225e+00 -3.1121323450e+00  4.1277956177e+00  3.0232663811e+00 -3.4020743504e+00  3.1200478405e+00  4.3163857233e+00 -4.9294612379e+00  4.5373060395e+00  4.8830610708e+00 -4.3067111215e+00  6.8572102657e+00  4.1345745602e+00 -2.1291009263e+00  7.7549989252e+00  2.8461971099e+00 -5.8139919344e-01  6.3180504629e+00  4.0850955105e+00 -1.3276360558e+00  2.1407487590e+00  3.7607684801e+00 -1.3709824932e+00 -3.0137676280e-01
ENERGY -3.483594300095e+01

JOB 11
COORDS  1.2528193241e+00 -1.3070971027e+00 -1.2079456168e+00  1.5916028119e+00 -1.2006330648e+00 -1.8844968066e-01  2.7901660936e+00 -5.6237245208e-01  8.2096395320e-02  3.2305244680e+00 -4.2884268456e-01  1.3862914489e+00  2.4641130671e+00 -9.3579443738e-01  2.4281032796e+00  1.2519134670e+00 -1.5630678496e+00  2.1607347744e+00  8.2413079150e-01 -1.6959534255e+00  8.5243946798e-01 -1.1691326176e-01 -2.1844995802e+00  6.4702311221e-01  6.5029946918e-01 -1.9323260849e+00  2.9785261839e+00  2.8946850748e+00 -7.1622130068e-01  3.7177718016e+00  3.1519023061e+00 -1.7652353882e+00  4.5559076875e+00  3.5669081840e+00 -1.4240806086e+00  5.8422776315e+00  3.8441627414e+00 -2.4118037705e+00  6.7650420627e+00  3.7070408040e+00 -3.7478509099e+00  6.4230796419e+00  3.2962441840e+00 -4.0849025610e+00  5.1463399247e+00  3.0126009599e+00 -3.1043701840e+00  4.2114170112e+00  2.7110033781e+00 -3.3826429931e+00  3.2123954611e+00  3.1907905286e+00 -5.1231672808e+00  4.8677016968e+00  3.9212467903e+00 -4.5195014809e+00  7.1466991304e+00  4.1668685454e+00 -2.1372777736e+00  7.7583480195e+00  3.6655086141e+00 -3.7917467671e-01  6.0919778499e+00  4.1615165870e+00  6.7215761101e-02  1.6140451817e+00  3.3884608534e+00 -1.6873284517e-01 -7.2609000587e-01
ENERGY -3.483485351762e+01

JOB 12
COORDS  1.0789403576e+00 -1.2437457003e+00 -1.1452368746e+00  1.5023324043e+00 -1.1598921189e+00 -1.5578977248e-01  2.7078272499e+00 -5.0494653756e-01  3.1221957968e-02  3.2563020692e+00 -4.0133055488e-01  1.2961425292e+00  2.5939178380e+00 -9.5567371787e-01  2.3853902472e+00  1.3732713519e+00 -1.5976450230e+00  2.2022880060e+00  8.3704175096e-01 -1.7001947557e+00  9.3204277212e-01 -1.1021112785e-01 -2.2003265530e+00  7.9396577489e-01  8.4823292137e-01 -2.0024678343e+00  3.0553397290e+00  3.1397294734e+00 -7.5812718575e-01  3.6303691116e+00  3.2579101550e+00 -1.7906952064e+00  4.5190969245e+00  3.5461189004e+00 -1.4347097099e+00  5.8351070193e+00  3.7089005787e+00 -2.4116756205e+00  6.7965810009e+00  3.5823512407e+00 -3.7504112150e+00  6.4621089394e+00  3.3032214846e+00 -4.1029526499e+00  5.1538257325e+00  3.1387041316e+00 -3.1336912978e+00  4.1799910687e+00  2.9419953348e+00 -3.4211600122e+00  3.1575451848e+00  3.2124101502e+00 -5.1441412628e+00  4.8811293122e+00  3.7050886682e+00 -4.5132800579e+00  7.2157356617e+00  3.9321108748e+00 -2.1261518920e+00  7.8138312033e+00  3.6403854974e+00 -3.8779503401e-01  6.0779414552e+00  4.1937555190e+00  1.0748485654e-01  1.4592335100e+00  3.2272589576e+00 -7.4803610818e-02 -8.1212803386e-01
ENERGY -3.483594332329e+01

JOB 13
COORDS  9.2242244424e-01 -1.1676917509e+00 -1.0650629619e+00  1.4221492881e+00 -1.1129044315e+00 -1.0980245363e-01  2.6366295526e+00 -4.5763041172e-01  5.9654054618e-03  3.2811837766e+00 -3.9209861914e-01  1.2267823561e+00  2.7072963878e+00 -9.8575627340e-01  2.3463323139e+00  1.4786846761e+00 -1.6291542025e+00  2.2367628782e+00  8.4677212342e-01 -1.6919507117e+00  1.0085624731e+00 -1.0666516898e-01 -2.1929543406e+00  9.2861913858e-01  1.0215004018e+00 -2.0672899255e+00  3.1122461279e+00  3.3584871976e+00 -8.2606480224e-01  3.5422122604e+00  3.3524360462e+00 -1.8249724058e+00  4.4789352265e+00  3.5050663243e+00 -1.4378735606e+00  5.8072925476e+00  3.5660909239e+00 -2.3941350115e+00  6.8022852993e+00  3.4733958189e+00 -3.7395356847e+00  6.4859471173e+00  3.3327127089e+00 -4.1230768621e+00  5.1634133123e+00  3.2744013944e+00 -3.1758816341e+00  4.1572822906e+00  3.1821911864e+00 -3.4804348456e+00  3.1247937037e+00  3.2723664318e+00 -5.1705458490e+00  4.9070610206e+00  3.5159707829e+00 -4.4852320619e+00  7.2652095470e+00  3.6825181838e+00 -2.0863213692e+00  7.8307799130e+00  3.5770956562e+00 -3.8599047185e-01  6.0360502309e+00  4.2266984323e+00  1.1643881380e-01  1.3342269146e+00  3.0881912123e+00  2.7237179431e-03 -8.6016220204e-01
ENERGY -3.483651189433e+01

JOB 14
COORDS  7.7665616342e-01 -1.0568519215e+00 -9.7034864853e-01  1.3452439398e+00 -1.0453662575e+00 -5.2890529764e-02  2.5713803099e+00 -4.0305646824e-01  1.0960115534e-03  3.3033516120e+00 -3.9238518409e-01  1.1724879216e+00  2.8070512404e+00 -1.0280373639e+00  2.3071867491e+00  1.5696902223e+00 -1.6611847600e+00  2.2601029817e+00  8.4936648684e-01 -1.6679264120e+00  1.0794474041e+00 -1.1100615574e-01 -2.1611687993e+00  1.0493552821e+00  1.1727671271e+00 -2.1362496405e+00  3.1456984587e+00  3.5583417404e+00 -9.2932923524e-01  3.4474063301e+00  3.4424704067e+00 -1.8790154367e+00  4.4317558049e+00  3.4567537686e+00 -1.4419459303e+00  5.7515897458e+00  3.4247671975e+00 -2.3633218339e+00  6.7816968235e+00  3.3785132109e+00 -3.7194180519e+00  6.5053890962e+00  3.3772745289e+00 -4.1526924395e+00  5.1900601781e+00  3.4150954332e+00 -3.2413143770e+00  4.1512142098e+00  3.4254085931e+00 -3.5764201558e+00  3.1239630786e+00  3.3542677956e+00 -5.2094032852e+00  4.9681678466e+00  3.3490059012e+00 -4.4367183965e+00  7.3115513704e+00  3.4326340486e+00 -2.0191679592e+00  7.8052045775e+00  3.4962333816e+00 -3.8203620201e-01  5.9496781214e+00  4.2591778613e+00  1.0447151102e-01  1.2319021160e+00  2.9631509681e+00  9.0205905509e-02 -8.7598246988e-01
ENERGY -3.483639323778e+01

JOB 15
COORDS  6.4115240436e-01 -9.1382320655e-01 -8.6145975365e-01  1.2709015421e+00 -9.5877716243e-01  1.4004067711e-02  2.5104073720e+00 -3.3903646580e-01  1.4498040722e-02  3.3201242313e+00 -3.9883454307e-01  1.1310416275e+00  2.8906777653e+00 -1.0825204137e+00  2.2660548226e+00  1.6436355153e+00 -1.6966515462e+00  2.2715173162e+00  8.4348750097e-01 -1.6319632401e+00  1.1445678145e+00 -1.2443060910e-01 -2.1111817202e+00  1.1565831110e+00  1.2998895791e+00 -2.2142852311e+00  3.1554916234e+00  3.7317458270e+00 -1.0656099510e+00  3.3441523100e+00  3.5284918067e+00 -1.9534926528e+00  4.3764055550e+00  3.3978569975e+00 -1.4498309560e+00  5.6644274816e+00  3.2847113857e+00 -2.3205543451e+00  6.7331645120e+00  3.3023798899e+00 -3.6890758028e+00  6.5243071331e+00  3.4441982489e+00 -4.1885664180e+00  5.2401918905e+00  3.5644685417e+00 -3.3276903690e+00  4.1652968571e+00  3.6804294582e+00 -3.7080760934e+00  3.1606284421e+00  3.4692241815e+00 -5.2552844838e+00  5.0735235165e+00  3.2105475703e+00 -4.3658668442e+00  7.3603585146e+00  3.1800877708e+00 -1.9267666677e+00  7.7331900782e+00  3.3896006790e+00 -3.8067574427e-01  5.8108131658e+00  4.2875819635e+00  7.8156567068e-02  1.1491398575e+00  2.8504261596e+00  1.9207459622e-01 -8.6216552445e-01
ENERGY -3.483567047788e+01

JOB 16
COORDS  5.1950724552e-01 -7.4029697563e-01 -7.3382889854e-01  1.2024228260e+00 -8.5219877823e-01  9.4498053444e-02  2.4634404400e+00 -2.7957808499e-01  4.0568813895e-02  3.3405176806e+00 -4.2264477951e-01  1.0965452544e+00  2.9585858069e+00 -1.1442265817e+00  2.2253769753e+00  1.6927474749e+00 -1.7153378298e+00  2.2844283032e+00  8.2416435610e-01 -1.5656626143e+00  1.2174599516e+00 -1.5803003095e-01 -2.0119205445e+00  1.2707370747e+00  1.3889483229e+00 -2.2681491471e+00  3.1618019126e+00  3.8757291600e+00 -1.2252706200e+00  3.2353806552e+00  3.6111645602e+00 -2.0452998475e+00  4.3147295671e+00  3.3239287544e+00 -1.4717785241e+00  5.5459964858e+00  3.1408559237e+00 -2.2814278035e+00  6.6529541459e+00  3.2427741108e+00 -3.6572071217e+00  6.5359620852e+00  3.5353786943e+00 -4.2261212341e+00  5.3074520189e+00  3.7244210385e+00 -3.4253790179e+00  4.1960229969e+00  3.9537876237e+00 -3.8562626480e+00  3.2324528153e+00  3.6216222909e+00 -5.2985085545e+00  5.2137938383e+00  3.0971782788e+00 -4.2859934153e+00  7.4014616024e+00  2.9160412115e+00 -1.8345416240e+00  7.6099624474e+00  3.2500427058e+00 -3.9761321010e-01  5.6214913917e+00  4.3257412130e+00  1.6086934551e-02  1.0717678789e+00  2.7666260942e+00  2.8099932825e-01 -8.3128291013e-01
ENERGY -3.483478917802e+01

JOB 17
COORDS  4.2126438188e-01 -5.4772277845e-01 -5.9815726218e-01  1.1450146553e+00 -7.3266292030e-01  1.8095497616e-01  2.4309437823e+00 -2.2686830433e-01  7.2767739198e-02  3.3588488006e+00 -4.6178656562e-01  1.0670172128e+00  3.0049548532e+00 -1.2106857902e+00  2.1871741004e+00  1.7160631482e+00 -1.7185563392e+00  2.2984202451e+00  7.9543511404e-01 -1.4756382051e+00  1.2939064764e+00 -2.0429041438e-01 -1.8737263987e+00  1.3876874546e+00  1.4366474472e+00 -2.2990751239e+00  3.1659673842e+00  3.9782660773e+00 -1.3977626507e+00  3.1276556385e+00  3.6785515993e+00 -2.1466864231e+00  4.2512979996e+00  3.2331300490e+00 -1.5125966855e+00  5.4034759132e+00  3.0002358496e+00 -2.2560670264e+00  6.5467008048e+00  3.2069862568e+00 -3.6253079108e+00  6.5427183251e+00  3.6510490686e+00 -4.2545189905e+00  5.3918076551e+00  3.8872177635e+00 -3.5196876277e+00  4.2437752278e+00  4.2329777708e+00 -3.9958958902e+00  3.3384960075e+00  3.8139785492e+00 -5.3220401818e+00  5.3862432986e+00  3.0225973331e+00 -4.2020456322e+00  7.4366399431e+00  2.6545660579e+00 -1.7631779098e+00  7.4432046965e+00  3.0761374455e+00 -4.4447189718e-01  5.3909545877e+00  4.3639611488e+00 -7.5995916657e-02  9.9947686582e-01  2.7130590439e+00  3.5464447461e-01 -7.9245283066e-01
ENERGY -3.483435151867e+01

JOB 18
COORDS  3.6266199735e-01 -3.3707316761e-01 -4.7867975663e-01  1.1080134747e+00 -6.0212657880e-01  2.5564300459e-01  2.4163145839e+00 -1.6844360604e-01  1.0968817028e-01  3.3713773574e+00 -5.0366059905e-01  1.0479244932e+00  3.0227504238e+00 -1.2837442528e+00  2.1483538820e+00  1.7124502316e+00 -1.7233855361e+00  2.2949610304e+00  7.6435889008e-01 -1.3784657933e+00  1.3475165594e+00 -2.5174016885e-01 -1.7243498607e+00  1.4684221884e+00  1.4385088069e+00 -2.3347380281e+00  3.1427737765e+00  4.0279626492e+00 -1.5847914506e+00  3.0238070012e+00  3.7159676178e+00 -2.2549547730e+00  4.1912725303e+00  3.1343228246e+00 -1.5774825403e+00  5.2561378784e+00  2.8802733693e+00 -2.2492946863e+00  6.4378608056e+00  3.1997612424e+00 -3.5914595444e+00  6.5592898090e+00  3.7754909968e+00 -4.2638123025e+00  5.4946612842e+00  4.0306629216e+00 -3.6022648753e+00  4.3066527471e+00  4.4785490647e+00 -4.1128966778e+00  3.4676069864e+00  4.0228338809e+00 -5.3109628509e+00  5.5859601650e+00  2.9994915095e+00 -4.1127112978e+00  7.4833264749e+00  2.4305361009e+00 -1.7221084493e+00  7.2661088972e+00  2.8884699886e+00 -5.3142544689e-01  5.1465914988e+00  4.3941626463e+00 -1.7487888127e-01  9.5032388924e-01  2.6944153722e+00  4.3669850497e-01 -7.4047085596e-01
ENERGY -3.483464191632e+01

JOB 19
COORDS  3.3598525257e-01 -1.1992443340e-01 -3.7613885040e-01  1.0860649497e+00 -4.6967915294e-01  3.1675698193e-01  2.4124747405e+00 -1.0304432281e-01  1.5319390849e-01  3.3735470974e+00 -5.4495112193e-01  1.0401208461e+00  3.0115063328e+00 -1.3667792358e+00  2.1050198578e+00  1.6832780766e+00 -1.7434436566e+00  2.2665774860e+00  7.2987531994e-01 -1.2904229795e+00  1.3718705048e+00 -3.0015723587e-01 -1.5876838903e+00  1.5034819036e+00  1.4002582138e+00 -2.3924523077e+00  3.0827612418e+00  4.0248838484e+00 -1.7905727421e+00  2.9191195624e+00  3.7196310853e+00 -2.3694986331e+00  4.1316726413e+00  3.0451922292e+00 -1.6582319055e+00  5.1179466672e+00  2.8031993773e+00 -2.2499148171e+00  6.3437796053e+00  3.2267262501e+00 -3.5454291296e+00  6.5905241015e+00  3.8960875060e+00 -4.2515195318e+00  5.6055071085e+00  4.1383551608e+00 -3.6715335595e+00  4.3732395287e+00  4.6587697756e+00 -4.2083914874e+00  3.5950080693e+00  4.2249975716e+00 -5.2628169451e+00  5.7930621672e+00  3.0348838117e+00 -4.0031617957e+00  7.5492722568e+00  2.2818813370e+00 -1.6951809744e+00  7.1097864501e+00  2.7192688798e+00 -6.4830970004e-01  4.9150937358e+00  4.4106158785e+00 -2.6980356569e-01  9.2770383507e-01  2.7002703231e+00  5.3441319422e-01 -6.6962715011e-01
ENERGY -3.483544368958e+01

JOB 20
COORDS  1.0298396229e+00  8.0445522010e-01 -2.0604441451e-01  1.4967307856e+00  3.8160390660e-02  3.9386611921e-01  2.5004833742e+00 -7.5244102822e-01 -1.4145458343e-01  3.1032902243e+00 -1.7296698936e+00  6.2617410025e-01  2.7010754071e+00 -1.9259186406e+00  1.9445563854e+00  1.6842872882e+00 -1.1423538096e+00  2.4793274037e+00  1.0914120879e+00 -1.6416510190e-01  1.7015866844e+00  3.0207140160e-01  4.4025460030e-01  2.1237535902e+00  1.3554377712e+00 -1.3055454270e+00  3.4954883001e+00  3.3059850463e+00 -2.9466985973e+00  2.6269436238e+00  3.3209705181e+00 -2.9387202480e+00  4.0006796390e+00  3.6905259977e+00 -1.8118978680e+00  4.7276751510e+00  3.7480503142e+00 -1.8766526386e+00  6.1074077969e+00  3.4432913538e+00 -3.0549556296e+00  6.7683787744e+00  3.0824271931e+00 -4.1768095458e+00  6.0413818606e+00  3.0152301196e+00 -4.1228265208e+00  4.6613347829e+00  2.7367189049e+00 -4.9883090751e+00  4.0802735270e+00  2.8445544322e+00 -5.0986454079e+00  6.5509963926e+00  3.4897873314e+00 -3.0985963536e+00  7.8460197046e+00  4.0369707981e+00 -1.0002855869e+00  6.6685527056e+00  3.9337281533e+00 -8.9678517406e-01  4.2070808139e+00  3.8853522399e+00 -2.3548231117e+00  2.2435393750e-01  2.8193754162e+00 -6.0510324667e-01 -1.1625998357e+00
ENERGY -3.483624272745e+01

JOB 21
COORDS  1.2213993887e+00  9.1998904464e-01 -2.2578784186e-01  1.6009912976e+00  1.1338790597e-01  3.8282050394e-01  2.5779103530e+00 -7.3332583350e-01 -1.1455058837e-01  3.0704064825e+00 -1.7624479331e+00  6.6458481964e-01  2.5838966789e+00 -1.9530335120e+00  1.9544530115e+00  1.5904911024e+00 -1.1141170784e+00  2.4484346461e+00  1.1084132330e+00 -8.4222740149e-02  1.6613527432e+00  3.3731344466e-01  5.6377324678e-01  2.0513264578e+00  1.1932153887e+00 -1.2768921412e+00  3.4398958842e+00  3.0654484126e+00 -3.0317927719e+00  2.6486502181e+00  3.1901335921e+00 -2.9839803103e+00  4.0120875897e+00  3.5264813221e+00 -1.8245527550e+00  4.7030632814e+00  3.6992490571e+00 -1.8705985932e+00  6.0743816871e+00  3.5484773597e+00 -3.0615975389e+00  6.7635326602e+00  3.2311783509e+00 -4.2181673177e+00  6.0705442310e+00  3.0511414635e+00 -4.1851623024e+00  4.7012282521e+00  2.8059592342e+00 -5.0773580891e+00  4.1462386582e+00  3.1194215804e+00 -5.1526975937e+00  6.5998727842e+00  3.6831676919e+00 -3.0892340227e+00  7.8341646629e+00  3.9597857534e+00 -9.6690081485e-01  6.6053443082e+00  3.6615330547e+00 -8.9713113264e-01  4.1653620751e+00  3.8297660642e+00 -2.4323913666e+00  2.9239045322e-01  2.9618154755e+00 -5.8987904385e-01 -1.1136580382e+00
ENERGY -3.483654960049e+01

JOB 22
COORDS  1.4189084563e+00  9.9853080211e-01 -2.5149275836e-01  1.7071602049e+00  1.6405824619e-01  3.6967952373e-01  2.6652255587e+00 -7.3346946472e-01 -7.0962963749e-02  3.0410523859e+00 -1.7991427489e+00  7.2523736221e-01  2.4538201127e+00 -1.9722939841e+00  1.9737541233e+00  1.4773657572e+00 -1.0827577887e+00  2.4104171232e+00  1.1137094309e+00 -1.7364890472e-02  1.6075311940e+00  3.5603518580e-01  6.7139087402e-01  1.9510292492e+00  1.0026386523e+00 -1.2358788028e+00  3.3688238269e+00  2.8075038306e+00 -3.0883477194e+00  2.6905501044e+00  3.0571021506e+00 -3.0120385659e+00  4.0331614807e+00  3.3624431239e+00 -1.8326612194e+00  4.7034916194e+00  3.6588961215e+00 -1.8692839509e+00  6.0545068637e+00  3.6664802171e+00 -3.0689566166e+00  6.7436449612e+00  3.3867627691e+00 -4.2461767390e+00  6.0685328516e+00  3.0875083233e+00 -4.2232218088e+00  4.7210153455e+00  2.8699829639e+00 -5.1305834623e+00  4.1794381773e+00  3.4027814313e+00 -5.1891057046e+00  6.5945950201e+00  3.8970383835e+00 -3.0881312401e+00  7.7979156043e+00  3.8925908148e+00 -9.4818151645e-01  6.5679513655e+00  3.3821329881e+00 -8.9398782547e-01  4.1693564808e+00  3.7843582444e+00 -2.5086886482e+00  3.9618636330e-01  3.1260986748e+00 -6.0203991944e-01 -1.0386304587e+00
ENERGY -3.483611430404e+01

JOB 23
COORDS  1.7151713481e+00  9.6841162603e-01 -3.6271153141e-01  1.7848967844e+00  1.5696786964e-01  3.4591324744e-01  3.0085305484e+00 -4.4035300770e-01  5.9812963702e-01  3.1057796712e+00 -1.4802047923e+00  1.5045694223e+00  1.9677161463e+00 -1.9201816450e+00  2.1722893729e+00  7.3728278298e-01 -1.3295501044e+00  1.9119921134e+00  6.5056418660e-01 -2.9441198776e-01  9.9910871253e-01 -3.0708734002e-01  1.6330118026e-01  8.0043990486e-01 -1.3730421359e-01 -1.6940268417e+00  2.4284817466e+00  1.9991013274e+00 -2.9972217685e+00  3.0285254847e+00  2.7986647348e+00 -2.9877140168e+00  4.1375073167e+00  3.5720212010e+00 -1.9069619651e+00  4.5447172479e+00  4.3131638792e+00 -1.9946674757e+00  5.7105224746e+00  4.2836983538e+00 -3.1418730055e+00  6.4822953239e+00  3.4917144580e+00 -4.2088965940e+00  6.0886022653e+00  2.7467829913e+00 -4.1336684270e+00  4.9294894873e+00  2.1228795573e+00 -4.9535205273e+00  4.6093894756e+00  3.4494879731e+00 -5.1037098259e+00  6.6916844303e+00  4.8661676646e+00 -3.2020471198e+00  7.3889644750e+00  4.9138489964e+00 -1.1507726340e+00  6.0168163680e+00  3.5856591347e+00 -9.9610866864e-01  3.9646618735e+00  4.0547260063e+00 -1.9614123269e+00  1.6920612372e+00  3.8941295893e+00 -9.9710635776e-02  8.2282373754e-02
ENERGY -3.483498198455e+01

