JOB 0
COORDS  1.5324086276e+00 -1.0318318354e+00 -1.1740850515e+00  1.8214391617e+00 -1.0706254759e+00 -1.3481911904e-01  3.1621877070e+00 -1.0856239943e+00  2.1833103888e-01  3.5318440549e+00 -1.1411192751e+00  1.5457867787e+00  2.5605721235e+00 -1.1694027926e+00  2.5472767028e+00  1.2165412768e+00 -1.1609011665e+00  2.1925495807e+00  8.5808042049e-01 -1.1083769924e+00  8.5521056354e-01 -1.8955442813e-01 -1.0985110037e+00  5.9147194118e-01  4.4385062725e-01 -1.1877505470e+00  2.9452149441e+00  3.0258091843e+00 -1.2196158601e+00  3.8290765492e+00  2.1272982157e+00 -1.5698586542e+00  4.8531051901e+00  2.7350634432e+00 -1.7052216662e+00  5.7466154163e+00  1.6033489601e+00 -2.5032113034e+00  4.6241016326e+00  1.3933498064e+00 -7.7781486973e-01  5.0376152593e+00  4.5698123994e+00 -1.1542931701e+00  1.8391293975e+00  3.9236693303e+00 -1.0618618121e+00 -5.4713068077e-01
ENERGY -2.311265741562e+01

JOB 1
COORDS  1.5453632042e+00 -1.1345970253e+00 -1.1727309645e+00  1.8240332732e+00 -1.1154833430e+00 -1.3004133951e-01  3.1609746891e+00 -1.1342885767e+00  2.3491967388e-01  3.5198864571e+00 -1.1198510899e+00  1.5674403476e+00  2.5396860531e+00 -1.0615282892e+00  2.5569097714e+00  1.1982957284e+00 -1.0565682245e+00  2.1906274156e+00  8.5003196532e-01 -1.0775201730e+00  8.5068121445e-01 -1.9479064592e-01 -1.0662165735e+00  5.7607249844e-01  4.2380322826e-01 -1.0272210537e+00  2.9417582735e+00  2.9783256539e+00 -1.0430135762e+00  3.8520670168e+00  2.1466032432e+00 -1.6133776152e+00  4.8350507249e+00  2.7780417480e+00 -1.7639447964e+00  5.7097323595e+00  1.7416234233e+00 -2.5748087402e+00  4.5054062933e+00  1.3199152917e+00 -9.4734597031e-01  5.1061536131e+00  4.5554845145e+00 -1.1353937511e+00  1.8692781458e+00  3.9284430830e+00 -1.1748616207e+00 -5.2387490073e-01
ENERGY -2.311112913877e+01

JOB 2
COORDS  1.5566946330e+00 -1.2134419904e+00 -1.1672036812e+00  1.8225768498e+00 -1.1480703982e+00 -1.2291244477e-01  3.1527928001e+00 -1.1899437295e+00  2.6184356917e-01  3.4937030940e+00 -1.1177926455e+00  1.5984993584e+00  2.5031215700e+00 -9.7252923981e-01  2.5662152687e+00  1.1674381916e+00 -9.4671828472e-01  2.1803860521e+00  8.3583568301e-01 -1.0275327021e+00  8.3931176227e-01 -2.0391072904e-01 -9.9835976861e-01  5.4753390927e-01  3.8871895809e-01 -8.5363290763e-01  2.9222884276e+00  2.9072190182e+00 -8.9155521556e-01  3.8757013300e+00  2.1884167056e+00 -1.6610088455e+00  4.8134906638e+00  2.8198994560e+00 -1.7214627529e+00  5.6988580369e+00  1.9921844820e+00 -2.6679810540e+00  4.4336209205e+00  1.2381797048e+00 -1.1903920162e+00  5.0889789178e+00  4.5246080050e+00 -1.1494935006e+00  1.9152800063e+00  3.9282424885e+00 -1.2961053675e+00 -4.8244195337e-01
ENERGY -2.310895710592e+01

JOB 3
COORDS  1.5531863771e+00 -1.2492733077e+00 -1.1600211318e+00  1.8060626275e+00 -1.1589773887e+00 -1.1423382049e-01  3.1247252063e+00 -1.2641976296e+00  2.9447344379e-01  3.4489471815e+00 -1.1570111681e+00  1.6343307491e+00  2.4528803983e+00 -9.2294701478e-01  2.5758616585e+00  1.1285514988e+00 -8.2056443873e-01  2.1648321940e+00  8.1232024106e-01 -9.3600284923e-01  8.2339185493e-01 -2.1774526767e-01 -8.4918531352e-01  5.0971196026e-01  3.5080140726e-01 -6.3745439833e-01  2.8915118966e+00  2.8232287245e+00 -7.8365403897e-01  3.8973132032e+00  2.2638430527e+00 -1.7185693381e+00  4.7921444431e+00  2.6837553200e+00 -1.4867905434e+00  5.7694368040e+00  2.5358927363e+00 -2.7422481405e+00  4.5115305164e+00  1.1728562444e+00 -1.6436202944e+00  4.8428500988e+00  4.4722894377e+00 -1.2343011554e+00  1.9683514778e+00  3.9041257247e+00 -1.4412233994e+00 -4.3203520477e-01
ENERGY -2.310718996687e+01

JOB 4
COORDS  1.5722488513e+00 -1.2910589285e+00 -1.1503162446e+00  1.8028182851e+00 -1.1736811739e+00 -1.0193949687e-01  3.1043829245e+00 -1.3251155305e+00  3.4438600160e-01  3.4013146696e+00 -1.1802944879e+00  1.6879533668e+00  2.3924944538e+00 -8.6801977532e-01  2.5901734836e+00  1.0850557140e+00 -7.1860224936e-01  2.1428626597e+00  7.9613165118e-01 -8.6920794720e-01  7.9891908959e-01 -2.1984531300e-01 -7.4618130221e-01  4.5325965810e-01  3.0573915648e-01 -4.7284108013e-01  2.8493363084e+00  2.7087250408e+00 -6.8815292842e-01  3.9251553861e+00  2.3330529368e+00 -1.7600865335e+00  4.7601352443e+00  2.6082907298e+00 -1.4685910238e+00  5.7721785577e+00  2.8653807946e+00 -2.6788612981e+00  4.4868661905e+00  1.2551419245e+00 -1.9513118432e+00  4.7163382689e+00  4.4124666049e+00 -1.2914982192e+00  2.0493673810e+00  3.8923224861e+00 -1.5625160976e+00 -3.5522571137e-01
ENERGY -2.310628909196e+01

JOB 5
COORDS  1.6105329407e+00 -1.3099761404e+00 -1.1536437852e+00  1.8051995435e+00 -1.1790352279e+00 -9.9587938206e-02  3.0812754414e+00 -1.3787226644e+00  3.9929681190e-01  3.3347903717e+00 -1.2127723626e+00  1.7490172311e+00  2.3064761951e+00 -8.3936876339e-01  2.6050077874e+00  1.0261086780e+00 -6.3975971171e-01  2.1049072614e+00  7.8031003049e-01 -8.0733972380e-01  7.5385417385e-01 -2.1526625276e-01 -6.4710401451e-01  3.6664945395e-01  2.3659776582e-01 -3.4388384593e-01  2.7796184643e+00  2.5643366597e+00 -6.3112094844e-01  3.9499708746e+00  2.4192334012e+00 -1.7879443875e+00  4.7424593998e+00  2.6397574483e+00 -1.4873983942e+00  5.7651542537e+00  3.1176885048e+00 -2.5746352537e+00  4.4337539015e+00  1.3979461225e+00 -2.1830701669e+00  4.6894330027e+00  4.3272711030e+00 -1.3591572152e+00  2.1486987798e+00  3.8834629569e+00 -1.6647315980e+00 -2.6513952917e-01
ENERGY -2.310597307691e+01

JOB 6
COORDS  1.6615962066e+00 -1.2919012419e+00 -1.1719332255e+00  1.8131831861e+00 -1.1677684066e+00 -1.1005971114e-01  3.0542775133e+00 -1.4256991994e+00  4.4735413291e-01  3.2545770108e+00 -1.2662746786e+00  1.8062980988e+00  2.2045255899e+00 -8.5221169143e-01  2.6175239410e+00  9.6152707519e-01 -5.8726249820e-01  2.0568050316e+00  7.7020703817e-01 -7.4433766581e-01  6.9568152770e-01 -1.9771313384e-01 -5.3639587258e-01  2.6371091614e-01  1.5933773369e-01 -2.5162305389e-01  2.6963961707e+00  2.3960677507e+00 -6.2920786164e-01  3.9688812306e+00  2.5126038660e+00 -1.8004319682e+00  4.7452398932e+00  2.6949004941e+00 -1.4715687174e+00  5.7667752869e+00  3.3449599930e+00 -2.4296477019e+00  4.4113609544e+00  1.5889266697e+00 -2.3900701856e+00  4.7107683813e+00  4.2234883754e+00 -1.4557137388e+00  2.2446916801e+00  3.8732555418e+00 -1.7459059368e+00 -1.8004416517e-01
ENERGY -2.310639003269e+01

JOB 7
COORDS  1.6945576763e+00 -1.2458086507e+00 -1.1934446314e+00  1.8122955052e+00 -1.1443975140e+00 -1.2499666004e-01  3.0134664862e+00 -1.4794633738e+00  4.7606339855e-01  3.1727140260e+00 -1.3501744404e+00  1.8437313090e+00  2.1155821508e+00 -8.9618521942e-01  2.6249454593e+00  9.1429615269e-01 -5.4619271453e-01  2.0179224916e+00  7.6633960679e-01 -6.7128649901e-01  6.4900230350e-01 -1.7091392377e-01 -4.0058570090e-01  1.8547158487e-01  1.1101611025e-01 -1.7193998045e-01  2.6337779973e+00  2.2419929963e+00 -6.7665556889e-01  3.9795885240e+00  2.6048419337e+00 -1.7951071572e+00  4.7580171299e+00  2.6137043043e+00 -1.4511966476e+00  5.7908972416e+00  3.5973664179e+00 -2.1774290334e+00  4.4990561170e+00  1.8737085660e+00 -2.6036584548e+00  4.6491353600e+00  4.1166552295e+00 -1.6009496531e+00  2.3046999121e+00  3.8380976722e+00 -1.8349898105e+00 -1.2441739377e-01
ENERGY -2.310743406632e+01

JOB 8
COORDS  1.7159919812e+00 -1.2068894063e+00 -1.2039422347e+00  1.8069635381e+00 -1.1277163848e+00 -1.3112339539e-01  2.9626195587e+00 -1.5496011604e+00  5.0177405880e-01  3.0890057024e+00 -1.4487641738e+00  1.8760083319e+00  2.0387680529e+00 -9.4107499541e-01  2.6333004354e+00  8.8367543625e-01 -4.9996577387e-01  1.9926670487e+00  7.7060862870e-01 -5.9702516400e-01  6.1949782827e-01 -1.3214625364e-01 -2.5869617772e-01  1.3259760035e-01  8.9236621046e-02 -8.1927303748e-02  2.5911142283e+00  2.1172218475e+00 -7.3859888840e-01  3.9875015691e+00  2.6919801324e+00 -1.7711376792e+00  4.7575365920e+00  2.3991704719e+00 -1.5760259358e+00  5.7882615645e+00  3.7857237412e+00 -1.7688995596e+00  4.6944983588e+00  2.3176737106e+00 -2.7518869347e+00  4.4499500087e+00  3.9980726030e+00 -1.7765117275e+00  2.3574495765e+00  3.7811551383e+00 -1.9512991536e+00 -7.7641427724e-02
ENERGY -2.310927770165e+01

JOB 9
COORDS  1.7610959514e+00 -1.1456117465e+00 -1.2116267649e+00  1.8198960741e+00 -1.0977984424e+00 -1.3483780968e-01  2.9348080923e+00 -1.5834441872e+00  5.2289572207e-01  3.0213308907e+00 -1.5250955725e+00  1.9036332095e+00  1.9704246681e+00 -9.9138933840e-01  2.6414127785e+00  8.5427076226e-01 -4.8736981729e-01  1.9749249617e+00  7.8161987579e-01 -5.4458209209e-01  5.9812243763e-01 -9.0819287511e-02 -1.5699943048e-01  9.3072752952e-02  5.8178646776e-02 -5.5273695985e-02  2.5607919383e+00  1.9880172448e+00 -8.3855187508e-01  3.9992625586e+00  2.7483227082e+00 -1.7535129666e+00  4.7537096201e+00  2.4072156053e+00 -1.6493771474e+00  5.7828614973e+00  3.8189722577e+00 -1.5247464985e+00  4.7105228875e+00  2.5855820802e+00 -2.7814982110e+00  4.4166074047e+00  3.9022405000e+00 -1.9051373116e+00  2.3981818425e+00  3.7545648403e+00 -2.0056320858e+00 -4.0084893327e-02
ENERGY -2.311133614671e+01

JOB 10
COORDS  1.8144559682e+00 -1.0703396499e+00 -1.2178031780e+00  1.8419411366e+00 -1.0620310937e+00 -1.3879947252e-01  2.9201416949e+00 -1.6043347419e+00  5.3433255624e-01  2.9665954588e+00 -1.5982375855e+00  1.9190782622e+00  1.9147800688e+00 -1.0511767076e+00  2.6447934724e+00  8.3170548471e-01 -4.9630054995e-01  1.9621270068e+00  7.9773959027e-01 -5.0473428326e-01  5.8345650621e-01 -4.8510513298e-02 -7.5400717745e-02  6.7779065744e-02  2.9957500461e-02 -6.4461086144e-02  2.5402231537e+00  1.8702093992e+00 -9.6393565602e-01  4.0056986903e+00  2.7825790481e+00 -1.7286490212e+00  4.7550600521e+00  2.4715875990e+00 -1.6265890089e+00  5.7937728425e+00  3.8067203477e+00 -1.3541914385e+00  4.6507129994e+00  2.7516931088e+00 -2.7844494263e+00  4.4679752814e+00  3.8216940391e+00 -2.0257655153e+00  2.4192440305e+00  3.7424309792e+00 -2.0354239368e+00 -1.8201125353e-02
ENERGY -2.311271894340e+01

JOB 11
COORDS  1.8634353820e+00 -9.9009349491e-01 -1.2179707094e+00  1.8638313061e+00 -1.0243489101e+00 -1.3912749044e-01  2.9086156281e+00 -1.6232196108e+00  5.3831729695e-01  2.9214379725e+00 -1.6739787572e+00  1.9231335906e+00  1.8715989437e+00 -1.1164148875e+00  2.6436690023e+00  8.1707968718e-01 -5.1191025002e-01  1.9574644994e+00  8.1632426241e-01 -4.6803682937e-01  5.7933969711e-01 -5.8812310731e-03  2.7573423867e-03  6.0980145899e-02  1.1026428870e-02 -8.4531183931e-02  2.5329797234e+00  1.7754308410e+00 -1.1060430440e+00  4.0038828769e+00  2.8049956821e+00 -1.6987148603e+00  4.7559561821e+00  2.5188007504e+00 -1.5726881628e+00  5.7991230849e+00  3.7664065305e+00 -1.2036235663e+00  4.5835112386e+00  2.9017141318e+00 -2.7669083575e+00  4.5351373947e+00  3.7508873480e+00 -2.1483525539e+00  2.4241508707e+00  3.7300172469e+00 -2.0599132925e+00 -1.1097260113e-02
ENERGY -2.311319502573e+01

JOB 12
COORDS  1.9051127671e+00 -9.0640070610e-01 -1.2126332205e+00  1.8839657586e+00 -9.8601927309e-01 -1.3639596231e-01  2.8988103367e+00 -1.6429372125e+00  5.3312855611e-01  2.8815111566e+00 -1.7521785728e+00  1.9142435797e+00  1.8394264278e+00 -1.1874777065e+00  2.6404918570e+00  8.1160889027e-01 -5.3262262129e-01  1.9609861062e+00  8.3738524160e-01 -4.3301380502e-01  5.8571553870e-01  3.7414507648e-02  8.0030461850e-02  7.2664410144e-02  4.0752171397e-03 -1.1124458808e-01  2.5387512184e+00  1.7056536049e+00 -1.2616110216e+00  3.9963232337e+00  2.8184032453e+00 -1.6638296670e+00  4.7570879696e+00  2.5389327513e+00 -1.5047059611e+00  5.7975840325e+00  3.7030253104e+00 -1.0636204826e+00  4.5219774531e+00  3.0493385047e+00 -2.7241788980e+00  4.6077380606e+00  3.6850946012e+00 -2.2728939173e+00  2.4114864471e+00  3.7159625894e+00 -2.0833164476e+00 -1.9699136585e-02
ENERGY -2.311271897657e+01

JOB 13
COORDS  1.9402565988e+00 -8.2162006585e-01 -1.2014168753e+00  1.9023846661e+00 -9.4857423368e-01 -1.3012652037e-01  2.8892381990e+00 -1.6659039103e+00  5.2029690588e-01  2.8491594983e+00 -1.8365723367e+00  1.8938273444e+00  1.8185646101e+00 -1.2661101455e+00  2.6327585352e+00  8.1573764354e-01 -5.5706756896e-01  1.9727307513e+00  8.6212325796e-01 -3.9892223612e-01  6.0270483655e-01  8.3248652942e-02  1.5792266689e-01  1.0297924995e-01  1.0794900533e-02 -1.4098680531e-01  2.5580970024e+00  1.6624544746e+00 -1.4274974200e+00  3.9807216466e+00  2.8212459672e+00 -1.6215706908e+00  4.7578619792e+00  2.5241795795e+00 -1.4377050279e+00  5.7895094677e+00  3.6134735118e+00 -9.2208134356e-01  4.4750789691e+00  3.1986415874e+00 -2.6468721225e+00  4.6752777911e+00  3.6264365694e+00 -2.4040873363e+00  2.3824771034e+00  3.6977811932e+00 -2.1083718421e+00 -4.3328043538e-02
ENERGY -2.311133613058e+01

JOB 14
COORDS  1.9678595249e+00 -7.5127662156e-01 -1.1896129905e+00  1.9207244566e+00 -9.2194154002e-01 -1.2465455022e-01  2.8759589669e+00 -1.7063858725e+00  4.9684092141e-01  2.8213097969e+00 -1.9330155961e+00  1.8607760744e+00  1.8125728335e+00 -1.3502596738e+00  2.6204331711e+00  8.4158354275e-01 -5.7611782344e-01  1.9902644467e+00  9.0008822990e-01 -3.6280888574e-01  6.2685966719e-01  1.4627864978e-01  2.4495778425e-01  1.4842939141e-01  4.9082873528e-02 -1.5457237430e-01  2.5888212960e+00  1.6469522148e+00 -1.5893138703e+00  3.9607485305e+00  2.8060744645e+00 -1.5647239828e+00  4.7640361389e+00  2.4576919724e+00 -1.4701269628e+00  5.7915966229e+00  3.4449186596e+00 -7.1267357598e-01  4.5140902923e+00  3.3879987263e+00 -2.4883705394e+00  4.6718824885e+00  3.5696717942e+00 -2.5514768870e+00  2.3330739998e+00  3.6669542039e+00 -2.1579139971e+00 -8.4135357036e-02
ENERGY -2.310927769994e+01

JOB 15
COORDS  1.9875259593e+00 -7.1791886650e-01 -1.1775164128e+00  1.9363998799e+00 -9.2113352672e-01 -1.1835852217e-01  2.8424519588e+00 -1.7888945067e+00  4.6670171042e-01  2.7819404251e+00 -2.0559447724e+00  1.8223153665e+00  1.8157696370e+00 -1.4375511112e+00  2.6084620971e+00  8.9729825284e-01 -5.7709141682e-01  2.0166191630e+00  9.6026080834e-01 -3.2169943945e-01  6.5935750059e-01  2.4537568781e-01  3.5041007130e-01  2.0791727558e-01  1.3791033462e-01 -1.2346064819e-01  2.6348252041e+00  1.6615801604e+00 -1.7241014681e+00  3.9475017184e+00  2.7812020925e+00 -1.4755368146e+00  4.7680282810e+00  2.4673134773e+00 -1.7125866549e+00  5.7831389459e+00  3.0812479904e+00 -4.2322484250e-01  4.7154002878e+00  3.6384944510e+00 -2.1023194033e+00  4.5023901852e+00  3.4838869166e+00 -2.7438170514e+00  2.2701067379e+00  3.5970628787e+00 -2.2711499673e+00 -1.3743939506e-01
ENERGY -2.310743406516e+01

JOB 16
COORDS  2.0097687295e+00 -6.6185043425e-01 -1.1523632498e+00  1.9573493873e+00 -9.0719525945e-01 -1.0210766766e-01  2.8211367173e+00 -1.8473280641e+00  4.3412218561e-01  2.7570275191e+00 -2.1666774574e+00  1.7780734821e+00  1.8263493681e+00 -1.5364488145e+00  2.5958746935e+00  9.5535797712e-01 -5.9837177064e-01  2.0563447421e+00  1.0226532394e+00 -2.8802731808e-01  7.0983846923e-01  3.4307788456e-01  4.4138426874e-01  2.9413654872e-01  2.2728454393e-01 -1.2849205964e-01  2.7000863414e+00  1.7033000356e+00 -1.8817640377e+00  3.9293196993e+00  2.7356675134e+00 -1.3967133084e+00  4.7581877733e+00  2.5281204520e+00 -1.7768049473e+00  5.7568867914e+00  2.7427749761e+00 -3.0054952013e-01  4.7788223347e+00  3.7201761963e+00 -1.7493939112e+00  4.4318448981e+00  3.4211228961e+00 -2.9073812695e+00  2.1990404634e+00  3.5445534746e+00 -2.3404065151e+00 -1.9865736188e-01
ENERGY -2.310639025058e+01

JOB 17
COORDS  1.9974290336e+00 -6.0978900318e-01 -1.1317530472e+00  1.9622172395e+00 -8.9483805003e-01 -9.0804475880e-02  2.7970196653e+00 -1.8927628734e+00  3.8292396303e-01  2.7553011492e+00 -2.2605005221e+00  1.7158581586e+00  1.8692716052e+00 -1.6301989031e+00  2.5801004121e+00  1.0325404022e+00 -6.2828808359e-01  2.1050774942e+00  1.0796859558e+00 -2.6585655767e-01  7.7085144679e-01  4.2443359488e-01  5.1017471557e-01  4.0313140396e-01  3.4462487181e-01 -1.4912957560e-01  2.7856877280e+00  1.7957937278e+00 -2.0229925611e+00  3.9063495345e+00  2.6757752515e+00 -1.3237846923e+00  4.7573036342e+00  2.5112313354e+00 -1.7189803945e+00  5.7581062758e+00  2.4678386565e+00 -2.4741118601e-01  4.7503858800e+00  3.7214640005e+00 -1.4825598736e+00  4.4687452199e+00  3.3975061329e+00 -3.0412149649e+00  2.0955895447e+00  3.4835882884e+00 -2.3878878930e+00 -2.8810302913e-01
ENERGY -2.310597244953e+01

JOB 18
COORDS  1.9613654598e+00 -5.8805439787e-01 -1.1282053880e+00  1.9566466043e+00 -8.9556657152e-01 -9.3108391630e-02  2.7656245768e+00 -1.9381193389e+00  3.2506205384e-01  2.7651787761e+00 -2.3307046757e+00  1.6517439436e+00  1.9400373285e+00 -1.6861877754e+00  2.5644375866e+00  1.1297523353e+00 -6.3754806058e-01  2.1454110830e+00  1.1392395851e+00 -2.4852172541e-01  8.1840658177e-01  5.0370741838e-01  5.6259101030e-01  4.9432693280e-01  4.8819308109e-01 -1.4247662386e-01  2.8596549531e+00  1.9207474780e+00 -2.1134800071e+00  3.8803253402e+00  2.6056732275e+00 -1.2669150580e+00  4.7756611845e+00  2.4793468425e+00 -1.7037147012e+00  5.7646990828e+00  2.1944518355e+00 -2.5140527030e-01  4.7705221430e+00  3.6735638012e+00 -1.2159246201e+00  4.5323462004e+00  3.3876797588e+00 -3.1447595996e+00  1.9911633540e+00  3.4045128016e+00 -2.4452330034e+00 -3.8299651648e-01
ENERGY -2.310628913250e+01

JOB 19
COORDS  1.9155790963e+00 -5.9299274805e-01 -1.1393987314e+00  1.9461067446e+00 -9.0537528846e-01 -1.0631376154e-01  2.7262128581e+00 -1.9849491100e+00  2.7177349997e-01  2.7724606719e+00 -2.3807574750e+00  1.5958006658e+00  2.0191819492e+00 -1.7075623826e+00  2.5511830677e+00  1.2384964463e+00 -6.2157832174e-01  2.1711057270e+00  1.2035420246e+00 -2.2812344847e-01  8.4567903385e-01  5.9006289123e-01  6.1243938818e-01  5.5575104387e-01  6.5026246206e-01 -9.5645065901e-02  2.9085719112e+00  2.0635114782e+00 -2.1584569952e+00  3.8540694073e+00  2.5329982243e+00 -1.2320177517e+00  4.8074792929e+00  2.5326741734e+00 -1.7568543616e+00  5.7612575692e+00  1.8884988680e+00 -3.5029072855e-01  4.8822781220e+00  3.5521306356e+00 -9.0674374908e-01  4.5703125440e+00  3.3738076995e+00 -3.2216352816e+00  1.9057718348e+00  3.3101946871e+00 -2.5154770989e+00 -4.6587108310e-01
ENERGY -2.310718995957e+01

JOB 20
COORDS  1.8874699284e+00 -6.1464116481e-01 -1.1484053647e+00  1.9460138675e+00 -9.2476917842e-01 -1.1597208230e-01  2.6791912350e+00 -2.0466678016e+00  2.3483547058e-01  2.7639572344e+00 -2.4377125680e+00  1.5569618223e+00  2.0881982652e+00 -1.7231660815e+00  2.5426248477e+00  1.3656276660e+00 -5.8811427669e-01  2.1916805605e+00  1.2932762207e+00 -2.0015981275e-01  8.6533353288e-01  7.2291933064e-01  6.7817126900e-01  6.0023529210e-01  8.5259537650e-01 -1.4342174983e-02  2.9486939026e+00  2.1997825113e+00 -2.1711741931e+00  3.8354875395e+00  2.4434827280e+00 -1.1997748025e+00  4.8280537464e+00  2.8066403640e+00 -1.7447717484e+00  5.6983410797e+00  1.5323607939e+00 -6.5826144325e-01  5.1054222856e+00  3.2016787198e+00 -4.8140956535e-01  4.5026384997e+00  3.3310114363e+00 -3.3084845788e+00  1.8473391053e+00  3.2015152328e+00 -2.6107422974e+00 -5.2382009426e-01
ENERGY -2.310895709583e+01

JOB 21
COORDS  1.8148549334e+00 -6.4635003826e-01 -1.1574990252e+00  1.9195077675e+00 -9.4303819815e-01 -1.2489366637e-01  2.6371620053e+00 -2.0820445637e+00  2.0469827560e-01  2.7802656418e+00 -2.4569681545e+00  1.5251577439e+00  2.1832702805e+00 -1.7063863128e+00  2.5369153960e+00  1.4749156342e+00 -5.5641777118e-01  2.2065691482e+00  1.3431147304e+00 -1.8651625080e-01  8.7875310478e-01  7.8483016450e-01  7.0483465671e-01  6.3184634981e-01  1.0174849655e+00  4.7070289237e-02  2.9756587866e+00  2.3662947233e+00 -2.1498982859e+00  3.8175078530e+00  2.3803003810e+00 -1.1906397498e+00  4.8485143960e+00  2.8204120712e+00 -1.6871543651e+00  5.7123540618e+00  1.3696103109e+00 -8.5727263479e-01  5.1090900253e+00  2.9872966010e+00 -3.2201720596e-01  4.5763349116e+00  3.3363076819e+00 -3.3396616058e+00  1.7997970764e+00  3.1000930181e+00 -2.6735602279e+00 -5.7135429382e-01
ENERGY -2.311112957570e+01

JOB 22
COORDS  1.5315310964e+00 -8.0790387194e-01 -1.1517405609e+00  1.8215023028e+00 -9.7168522423e-01 -1.2499959745e-01  3.1621804281e+00 -9.9490766576e-01  2.2796131410e-01  3.5326378257e+00 -1.1989175854e+00  1.5406365886e+00  2.5631934348e+00 -1.3972259660e+00  2.5244104539e+00  1.2191983213e+00 -1.3668025283e+00  2.1709236107e+00  8.5935028517e-01 -1.1576566444e+00  8.4938778789e-01 -1.8824923175e-01 -1.1398857831e+00  5.8587512502e-01  4.4751330259e-01 -1.5100500478e+00  2.9113311661e+00  3.0296272874e+00 -1.5953823281e+00  3.7914252837e+00  2.1247977130e+00 -1.4812022430e+00  4.8622886242e+00  2.7305895569e+00 -1.5165183123e+00  5.7666317465e+00  1.4095615071e+00 -2.3107811528e+00  4.8795839145e+00  1.5791803941e+00 -5.3299887452e-01  4.8260465912e+00  4.5705125164e+00 -1.2193937194e+00  1.8337884204e+00  3.9225941704e+00 -8.4470847167e-01 -5.2410032495e-01
ENERGY -2.311265729142e+01

JOB 23
COORDS  1.5276985673e+00 -9.1906565031e-01 -1.1673190241e+00  1.8208211246e+00 -1.0205812232e+00 -1.3345201595e-01  3.1626261448e+00 -1.0395330312e+00  2.1617301870e-01  3.5360221696e+00 -1.1694345667e+00  1.5370510713e+00  2.5681385419e+00 -1.2832791484e+00  2.5363539360e+00  1.2233085837e+00 -1.2641624460e+00  2.1857627556e+00  8.6147945393e-01 -1.1330532111e+00  8.5440825087e-01 -1.8696839294e-01 -1.1195165751e+00  5.9412123513e-01  4.5117191722e-01 -1.3497241472e+00  2.9344171189e+00  3.0430373529e+00 -1.4073087433e+00  3.8085607135e+00  2.1200606835e+00 -1.5261748277e+00  4.8624517816e+00  2.7171456597e+00 -1.6117682371e+00  5.7691204228e+00  1.4979498747e+00 -2.4209057130e+00  4.7545850559e+00  1.4766576161e+00 -6.4313023099e-01  4.9363933897e+00  4.5746725433e+00 -1.1861613876e+00  1.8276589467e+00  3.9218990703e+00 -9.5222127974e-01 -5.4683651313e-01
ENERGY -2.311319491784e+01

