JOB 0
COORDS  1.9217585467e+00 -1.0106561881e+00 -1.1895923962e+00  1.8854891359e+00 -1.0306541645e+00 -1.1025634743e-01  2.7629683154e+00 -1.8311131322e+00  6.0172200130e-01  2.7137949045e+00 -1.8565207826e+00  1.9834006267e+00  1.7887274012e+00 -1.0844438070e+00  2.6766900567e+00  9.1413705291e-01 -2.8547111039e-01  1.9527489754e+00  9.6076137620e-01 -2.5785946683e-01  5.6961171586e-01  2.7189262773e-01  3.6864518299e-01  2.1468912749e-02  1.8810824095e-01  3.2054333422e-01  2.4766246043e+00  1.7560385899e+00 -1.1071933968e+00  4.1752215798e+00  8.3325313952e-01 -6.7288846224e-01  4.5519922579e+00  1.8432486376e+00 -2.1264917846e+00  4.5468630994e+00  2.5923365394e+00 -5.3363063196e-01  4.5760501442e+00  3.4003277531e+00 -2.4837477944e+00  2.5348339665e+00  3.4872845804e+00 -2.4382230397e+00  7.7965990616e-02
ENERGY -1.905040505494e+01

JOB 1
COORDS  1.9219178738e+00 -1.0071138757e+00 -1.1894761596e+00  1.8862913796e+00 -1.0296147770e+00 -1.1019058114e-01  2.7392140932e+00 -1.8591470175e+00  5.9714072517e-01  2.6902413735e+00 -1.8880178280e+00  1.9795515689e+00  1.7908018542e+00 -1.0916122793e+00  2.6769828682e+00  9.4040909312e-01 -2.6260576682e-01  1.9560913085e+00  9.8614102801e-01 -2.3072164966e-01  5.7379938218e-01  3.1628832949e-01  4.1856794842e-01  2.8556333476e-02  2.3448178305e-01  3.6292278166e-01  2.4844315927e+00  1.7551815896e+00 -1.1068091328e+00  4.1755582939e+00  7.5353095801e-01 -8.9398140115e-01  4.5424570917e+00  2.0758530485e+00 -2.0714828632e+00  4.5621316813e+00  2.4275771122e+00 -3.4457877230e-01  4.5713912093e+00  3.3582928948e+00 -2.5388056069e+00  2.5262604846e+00  3.4439044302e+00 -2.4867050039e+00  7.0659388593e-02
ENERGY -1.905040649959e+01

JOB 2
COORDS  1.9180031808e+00 -1.0087160074e+00 -1.1894679220e+00  1.8851902261e+00 -1.0313101701e+00 -1.1008582140e-01  2.7150750454e+00 -1.8857638477e+00  5.9395161786e-01  2.6708837525e+00 -1.9146207690e+00  1.9772008136e+00  1.7985639730e+00 -1.0919758491e+00  2.6767519835e+00  9.6962962790e-01 -2.3717050368e-01  1.9591762825e+00  1.0113096380e+00 -2.0583508471e-01  5.7746341485e-01  3.5952312397e-01  4.6347517482e-01  3.4546347054e-02  2.8537024220e-01  4.0851689361e-01  2.4918058548e+00  1.7544285570e+00 -1.1056049182e+00  4.1750925408e+00  7.2524603790e-01 -1.1225162667e+00  4.5292013422e+00  2.2774278165e+00 -1.9717465084e+00  4.5730056664e+00  2.2283827634e+00 -2.0732589419e-01  4.5717201346e+00  3.3220159427e+00 -2.5854881521e+00  2.5201364836e+00  3.3990769139e+00 -2.5336233413e+00  6.4846449533e-02
ENERGY -1.905040466601e+01

JOB 3
COORDS  1.9103887699e+00 -1.0133879434e+00 -1.1899601048e+00  1.8815076196e+00 -1.0338848210e+00 -1.1042616882e-01  2.6893641575e+00 -1.9108722524e+00  5.9113263983e-01  2.6510952350e+00 -1.9357406364e+00  1.9749062101e+00  1.8071087872e+00 -1.0869596749e+00  2.6773310324e+00  9.9968148179e-01 -2.0986290423e-01  1.9615282107e+00  1.0350861993e+00 -1.8212184745e-01  5.7980382897e-01  4.0119585055e-01  5.0564812984e-01  3.8753302220e-02  3.3757670425e-01  4.5648269649e-01  2.4966989658e+00  1.7561051887e+00 -1.1046983403e+00  4.1754941683e+00  7.5154816818e-01 -1.3512507877e+00  4.5177860984e+00  2.4501858811e+00 -1.8363518655e+00  4.5812242769e+00  2.0112203064e+00 -1.2388468372e-01  4.5754403671e+00  3.2855547203e+00 -2.6242282819e+00  2.5154771971e+00  3.3525077716e+00 -2.5785920317e+00  6.0155163700e-02
ENERGY -1.905040259497e+01

JOB 4
COORDS  1.9052348158e+00 -1.0196684798e+00 -1.1900994284e+00  1.8786320934e+00 -1.0368536684e+00 -1.1044161958e-01  2.6632649958e+00 -1.9347764152e+00  5.9138779453e-01  2.6290363186e+00 -1.9544205078e+00  1.9750773933e+00  1.8122761547e+00 -1.0787736395e+00  2.6774185860e+00  1.0280621910e+00 -1.8103133769e-01  1.9620512912e+00  1.0598782534e+00 -1.5887435401e-01  5.7988153105e-01  4.4501172199e-01  5.4590350901e-01  3.8792833260e-02  3.8801680731e-01  5.0688564623e-01  2.4967736810e+00  1.7569843938e+00 -1.1040321890e+00  4.1752366299e+00  8.2882125099e-01 -1.5700606510e+00  4.5073632707e+00  2.5891290723e+00 -1.6698262397e+00  4.5869525974e+00  1.7844578137e+00 -9.3355121163e-02  4.5783843371e+00  3.2457624565e+00 -2.6583703677e+00  2.5162979298e+00  3.3055585020e+00 -2.6224514284e+00  6.0268360674e-02
ENERGY -1.905040487094e+01

JOB 5
COORDS  1.9130425716e+00 -1.0303653988e+00 -1.1899235101e+00  1.8817958254e+00 -1.0414552972e+00 -1.1031833856e-01  3.0459324469e+00 -1.2159510185e+00  6.1800300718e-01  3.0049391230e+00 -1.2279282867e+00  2.0008246503e+00  1.8024816130e+00 -1.0658421054e+00  2.6773596580e+00  6.4034904315e-01 -8.9229257922e-01  1.9362044781e+00  6.7779651611e-01 -8.7978738306e-01  5.5329132839e-01 -2.3511139340e-01 -7.4176523368e-01 -8.0554346733e-03 -3.0287270859e-01 -7.6453285933e-01  2.4488504147e+00  1.7561427477e+00 -1.1020175480e+00  4.1752061553e+00  1.5915904651e+00 -2.1245411640e+00  4.5174965740e+00  2.6933460560e+00 -7.5156535462e-01  4.6017807287e+00  9.4311669456e-01 -4.8654420154e-01  4.5535319283e+00  3.9178026356e+00 -1.3636275515e+00  2.5639158945e+00  3.9897752051e+00 -1.3414892627e+00  1.0717765368e-01
ENERGY -1.905040701051e+01

JOB 6
COORDS  1.9153117142e+00 -1.0278345194e+00 -1.1899498986e+00  1.8816213673e+00 -1.0401611368e+00 -1.1043775151e-01  3.0393534735e+00 -1.2509587494e+00  6.1950342351e-01  2.9948231427e+00 -1.2647845159e+00  2.0015089685e+00  1.7960717439e+00 -1.0683327873e+00  2.6773585906e+00  6.4191673884e-01 -8.5850528011e-01  1.9348556837e+00  6.8235808408e-01 -8.4388300971e-01  5.5133698925e-01 -2.2525391315e-01 -6.7782366192e-01 -1.1009452270e-02 -2.9868219803e-01 -7.0362403052e-01  2.4447964272e+00  1.7574195898e+00 -1.1026714169e+00  4.1755655258e+00  1.8339871675e+00 -2.1317489036e+00  4.5279719669e+00  2.5920878196e+00 -5.4423127394e-01  4.5952911756e+00  8.2796565382e-01 -6.8213830906e-01  4.5515351959e+00  3.9013776390e+00 -1.4289388798e+00  2.5671867879e+00  3.9797688181e+00 -1.4040687699e+00  1.0983155520e-01
ENERGY -1.905040479856e+01

JOB 7
COORDS  1.9186978029e+00 -1.0191578718e+00 -1.1896183305e+00  1.8833827143e+00 -1.0354615923e+00 -1.1017777963e-01  3.0327901225e+00 -1.2855920936e+00  6.2107297888e-01  2.9858469521e+00 -1.3063474143e+00  2.0025205533e+00  1.7910216247e+00 -1.0778770993e+00  2.6763603150e+00  6.4505011681e-01 -8.2845837576e-01  1.9343621506e+00  6.8969393014e-01 -8.0717717186e-01  5.5071323097e-01 -2.1147838438e-01 -6.1129885832e-01 -1.2301830253e-02 -2.9194100680e-01 -6.4891531759e-01  2.4430049594e+00  1.7565899958e+00 -1.1043197483e+00  4.1747508845e+00  2.0716046531e+00 -2.0798477736e+00  4.5437802333e+00  2.4389916908e+00 -3.5955407598e-01  4.5830840802e+00  7.5584070370e-01 -8.9901606204e-01  4.5461411445e+00  3.8852449888e+00 -1.5018384274e+00  2.5697693349e+00  3.9687909368e+00 -1.4648433622e+00  1.1188326263e-01
ENERGY -1.905040211594e+01

JOB 8
COORDS  1.9193009127e+00 -1.0108074816e+00 -1.1896384878e+00  1.8840058733e+00 -1.0316635996e+00 -1.1028948630e-01  3.0254243749e+00 -1.3207536989e+00  6.1863602961e-01  2.9778343542e+00 -1.3483893169e+00  2.0002733585e+00  1.7914942492e+00 -1.0881724628e+00  2.6766896568e+00  6.5362476991e-01 -7.9893129111e-01  1.9358907308e+00  6.9792452961e-01 -7.7054258382e-01  5.5264785536e-01 -1.9733757952e-01 -5.4505564331e-01 -8.7565519070e-03 -2.7713036445e-01 -5.9438038180e-01  2.4464442876e+00  1.7562704654e+00 -1.1054734125e+00  4.1752343300e+00  2.2881699791e+00 -1.9725691504e+00  4.5625466059e+00  2.2412818429e+00 -2.1278425387e-01  4.5712223355e+00  7.3272390106e-01 -1.1283567136e+00  4.5412124883e+00  3.8713250732e+00 -1.5751848884e+00  2.5651306793e+00  3.9552144598e+00 -1.5266403656e+00  1.0810135625e-01
ENERGY -1.905040480803e+01

JOB 9
COORDS  1.9188297313e+00 -1.0064860744e+00 -1.1894317516e+00  1.8849005920e+00 -1.0296771846e+00 -1.1009516796e-01  3.0177982696e+00 -1.3559796099e+00  6.1531843458e-01  2.9721461765e+00 -1.3872727179e+00  1.9976753581e+00  1.7962450130e+00 -1.0937757511e+00  2.6767335593e+00  6.6561954177e-01 -7.6708247227e-01  1.9385952079e+00  7.0790205438e-01 -7.3488601507e-01  5.5611725292e-01 -1.8105359759e-01 -4.8063660517e-01 -3.0397201709e-03 -2.5696742829e-01 -5.3684141406e-01  2.4530151848e+00  1.7546885109e+00 -1.1058944058e+00  4.1751134782e+00  2.4683247082e+00 -1.8211359077e+00  4.5778259293e+00  2.0120941000e+00 -1.1910681684e-01  4.5622444962e+00  7.5955164369e-01 -1.3583687689e+00  4.5342061011e+00  3.8600648612e+00 -1.6438588828e+00  2.5585436386e+00  3.9399826648e+00 -1.5887026178e+00  1.0252318644e-01
ENERGY -1.905040705783e+01

JOB 10
COORDS  1.9161541780e+00 -1.0092236367e+00 -1.1895963035e+00  1.8848089794e+00 -1.0313792490e+00 -1.1016146652e-01  3.0089961499e+00 -1.3913526440e+00  6.1178397224e-01  2.9667038138e+00 -1.4206544453e+00  1.9950322928e+00  1.8031661033e+00 -1.0913766434e+00  2.6769823225e+00  6.7998000452e-01 -7.3081863601e-01  1.9414643615e+00  7.1879705451e-01 -7.0043852274e-01  5.5958297833e-01 -1.6344397287e-01 -4.1926162706e-01  2.6748701120e-03 -2.3275606221e-01 -4.7223118231e-01  2.4599874629e+00  1.7534973224e+00 -1.1052950353e+00  4.1751428831e+00  2.6062960496e+00 -1.6378545821e+00  4.5888779519e+00  1.7680730008e+00 -8.4953309561e-02  4.5594987092e+00  8.3844133526e-01 -1.5794298443e+00  4.5253261153e+00  3.8490248425e+00 -1.7034996141e+00  2.5520863167e+00  3.9223880422e+00 -1.6519362722e+00  9.6662721254e-02
ENERGY -1.905040486871e+01

JOB 11
COORDS  1.9132387373e+00 -1.0167228230e+00 -1.1897593895e+00  1.8837879444e+00 -1.0352701363e+00 -1.1020743158e-01  2.9983658035e+00 -1.4266251376e+00  6.0983513930e-01  2.9591638662e+00 -1.4498878758e+00  1.9936040281e+00  1.8084612084e+00 -1.0829040569e+00  2.6772245096e+00  6.9423917878e-01 -6.9120101092e-01  1.9432349060e+00  7.2989631985e-01 -6.6679922970e-01  5.6147491222e-01 -1.4457597183e-01 -3.6002880803e-01  5.8112638917e-03 -2.0819245532e-01 -4.0266470013e-01  2.4640004614e+00  1.7532012506e+00 -1.1040459373e+00  4.1751406520e+00  2.7001922670e+00 -1.4320913932e+00  4.5962977703e+00  1.5267280381e+00 -1.1041758950e-01  4.5605264769e+00  9.6861641447e-01 -1.7786999295e+00  4.5160465911e+00  3.8346210976e+00 -1.7567350060e+00  2.5487859783e+00  3.9023831421e+00 -1.7156116102e+00  9.3329319798e-02
ENERGY -1.905040269706e+01

JOB 12
COORDS  1.9114087789e+00 -1.0246008137e+00 -1.1899685692e+00  1.8825548552e+00 -1.0390501321e+00 -1.1032971239e-01  2.9857213035e+00 -1.4614257579e+00  6.1018691164e-01  2.9476723647e+00 -1.4778784633e+00  1.9937941433e+00  1.8092444677e+00 -1.0730249100e+00  2.6773993245e+00  7.0668168918e-01 -6.5087544461e-01  1.9433925713e+00  7.4144558895e-01 -6.3330943661e-01  5.6120770969e-01 -1.2367067527e-01 -3.0125688649e-01  5.4505217060e-03 -1.8606271746e-01 -3.3240562162e-01  2.4634078974e+00  1.7538972410e+00 -1.1029544777e+00  4.1751260796e+00  2.7487518543e+00 -1.2106476381e+00  4.6002637585e+00  1.3022466982e+00 -1.9124797437e-01  4.5618609925e+00  1.1460043963e+00 -1.9439262046e+00  4.5101124673e+00  3.8139925113e+00 -1.8084323898e+00  2.5497057766e+00  3.8802384847e+00 -1.7786690933e+00  9.3735315340e-02
ENERGY -1.905040490218e+01

JOB 13
COORDS  1.9122220217e+00 -1.0287189583e+00 -1.1900955820e+00  1.8819767671e+00 -1.0408019965e+00 -1.1046200474e-01  2.9717861469e+00 -1.4953832407e+00  6.1182668724e-01  2.9315017858e+00 -1.5078363497e+00  1.9946920267e+00  1.8048875951e+00 -1.0668972603e+00  2.6775240460e+00  7.1693211039e-01 -6.1321592973e-01  1.9423633042e+00  7.5389945052e-01 -5.9942626427e-01  5.5945238700e-01 -1.0026980551e-01 -2.4185379105e-01  2.6270026161e-03 -1.6666592235e-01 -2.6590783143e-01  2.4595200356e+00  1.7549799869e+00 -1.1029086423e+00  4.1752899648e+00  2.7487040999e+00 -9.8055763819e-01  4.6002390882e+00  1.1061254127e+00 -3.2003235091e-01  4.5614940877e+00  1.3610115136e+00 -2.0630115752e+00  4.5110991920e+00  3.7863617050e+00 -1.8628079936e+00  2.5532453364e+00  3.8566739734e+00 -1.8403454219e+00  9.6529616121e-02
ENERGY -1.905040693055e+01

JOB 14
COORDS  1.9157970067e+00 -1.0264190003e+00 -1.1899433516e+00  1.8825055099e+00 -1.0391459253e+00 -1.1040710590e-01  2.9566287252e+00 -1.5284638822e+00  6.1383608421e-01  2.9128591984e+00 -1.5424860138e+00  1.9958140831e+00  1.7976648515e+00 -1.0684567633e+00  2.6771960564e+00  7.2668820542e-01 -5.8044129558e-01  1.9409607362e+00  7.6731271279e-01 -5.6493942874e-01  5.5741687435e-01 -7.4546353136e-02 -1.8060673292e-01 -3.3258463127e-04 -1.4783632620e-01 -2.0724267855e-01  2.4554898362e+00  1.7556975838e+00 -1.1037526344e+00  4.1752591546e+00  2.6957019728e+00 -7.5006828833e-01  4.5948953997e+00  9.4574971631e-01 -4.8742226088e-01  4.5575706785e+00  1.6002797668e+00 -2.1261197329e+00  4.5210584038e+00  3.7542149193e+00 -1.9245273174e+00  2.5570445150e+00  3.8314093516e+00 -1.8996132896e+00  9.9486407728e-02
ENERGY -1.905040481080e+01

JOB 15
COORDS  1.9206644762e+00 -1.0199187979e+00 -1.1901031227e+00  1.8849204688e+00 -1.0356446902e+00 -1.1068478743e-01  2.9417483978e+00 -1.5614556778e+00  6.1388345999e-01  2.8931199987e+00 -1.5805299236e+00  1.9953635835e+00  1.7911748650e+00 -1.0763089024e+00  2.6773605284e+00  7.3835892383e-01 -5.5237435833e-01  1.9403908113e+00  7.8305345533e-01 -5.3134939173e-01  5.5670694351e-01 -4.5680114907e-02 -1.1949769828e-01 -1.0659580490e-03 -1.2662474703e-01 -1.5616003190e-01  2.4537778316e+00  1.7551629569e+00 -1.1043264269e+00  4.1758684032e+00  2.5872333820e+00 -5.3279587936e-01  4.5858654765e+00  8.2646273985e-01 -6.8254508635e-01  4.5522316245e+00  1.8446529856e+00 -2.1276239251e+00  4.5384919412e+00  3.7200384506e+00 -1.9917774667e+00  2.5573462594e+00  3.8058406026e+00 -1.9573969877e+00  9.9912192793e-02
ENERGY -1.905040199819e+01

JOB 16
COORDS  1.9231597686e+00 -1.0115465139e+00 -1.1896287811e+00  1.8865003188e+00 -1.0318696786e+00 -1.1030732395e-01  2.9261135172e+00 -1.5932487427e+00  6.1203192695e-01  2.8763592565e+00 -1.6195261807e+00  1.9936434940e+00  1.7892404665e+00 -1.0863777769e+00  2.6766868998e+00  7.5303079258e-01 -5.2562184192e-01  1.9424946773e+00  7.9982619803e-01 -4.9785715774e-01  5.5933185050e-01 -1.5956695933e-02 -5.8882950508e-02  3.1835774002e-03 -9.9865223695e-02 -1.0685785466e-01  2.4582709023e+00  1.7542529112e+00 -1.1055841955e+00  4.1752232268e+00  2.4285932558e+00 -3.4742176127e-01  4.5746232856e+00  7.5270877784e-01 -8.9968028155e-01  4.5448032639e+00  2.0783758291e+00 -2.0725452883e+00  4.5554871408e+00  3.6900814579e+00 -2.0594960012e+00  2.5531949055e+00  3.7777062107e+00 -2.0131890187e+00  9.6306142252e-02
ENERGY -1.905040497257e+01

JOB 17
COORDS  1.9233627874e+00 -1.0082650717e+00 -1.1893203443e+00  1.8876427143e+00 -1.0306020626e+00 -1.1002113815e-01  2.9104026503e+00 -1.6253415974e+00  6.0846014997e-01  2.8620472013e+00 -1.6549944079e+00  1.9908411012e+00  1.7929569520e+00 -1.0924277043e+00  2.6766339622e+00  7.7218667153e-01 -4.9791045803e-01  1.9453892763e+00  8.1755581468e-01 -4.6659881449e-01  5.6306860132e-01  1.4606105669e-02 -1.7346160538e-03  9.2543744758e-03 -6.6853633652e-02 -5.6858186733e-02  2.4652800137e+00  1.7528447108e+00 -1.1050043909e+00  4.1750489879e+00  2.2306726610e+00 -2.0631022135e-01  4.5672609795e+00  7.2701423359e-01 -1.1246747751e+00  4.5361114265e+00  2.2838732861e+00 -1.9677696687e+00  4.5708185373e+00  3.6634026237e+00 -2.1221917909e+00  2.5461554498e+00  3.7484120626e+00 -2.0690214779e+00  9.0363810091e-02
ENERGY -1.905040704528e+01

JOB 18
COORDS  1.9197603746e+00 -1.0098847883e+00 -1.1894313780e+00  1.8867515189e+00 -1.0319072012e+00 -1.1004484148e-01  2.8936073744e+00 -1.6564150614e+00  6.0459143648e-01  2.8491534852e+00 -1.6850901226e+00  1.9878251595e+00  1.8000645621e+00 -1.0919420155e+00  2.6768374311e+00  7.9403912325e-01 -4.6722973485e-01  1.9485937769e+00  8.3538758779e-01 -4.3670906529e-01  5.6683695727e-01  4.4945518344e-02  5.2002273643e-02  1.5543853254e-02 -2.9187069979e-02 -2.1366775550e-03  2.4728092851e+00  1.7524081731e+00 -1.1042765441e+00  4.1750873265e+00  2.0097944096e+00 -1.1922708836e-01  4.5654717174e+00  7.5190988529e-01 -1.3500931875e+00  4.5262399219e+00  2.4555398035e+00 -1.8268937718e+00  4.5819844380e+00  3.6390928526e+00 -2.1758842105e+00  2.5391223784e+00  3.7168592424e+00 -2.1240180490e+00  8.3877725444e-02
ENERGY -1.905040484939e+01

JOB 19
COORDS  1.9149927970e+00 -1.0170157411e+00 -1.1896530958e+00  1.8846403199e+00 -1.0358985130e+00 -1.1013174397e-01  2.8755822707e+00 -1.6869567911e+00  6.0264797488e-01  2.8355435165e+00 -1.7104757791e+00  1.9863821878e+00  1.8070054623e+00 -1.0850271304e+00  2.6770745830e+00  8.1641452337e-01 -4.3355394621e-01  1.9504472764e+00  8.5339111283e-01 -4.0815577787e-01  5.6874159906e-01  7.5898458339e-02  1.0232774026e-01  1.8755995542e-02  9.9185612904e-03  5.7617859228e-02  2.4769052870e+00  1.7524991236e+00 -1.1028108112e+00  4.1750559760e+00  1.7793356535e+00 -8.6746461980e-02  4.5674415217e+00  8.2681734396e-01 -1.5654939103e+00  4.5155456964e+00  2.5907331248e+00 -1.6570348213e+00  4.5898122095e+00  3.6139077012e+00 -2.2213879099e+00  2.5358682491e+00  3.6834468719e+00 -2.1790932503e+00  8.0451471258e-02
ENERGY -1.905040273027e+01

JOB 20
COORDS  1.9109421766e+00 -1.0240544157e+00 -1.1900100030e+00  1.8821633687e+00 -1.0390990181e+00 -1.1039465146e-01  2.8557250613e+00 -1.7164995011e+00  6.0215855848e-01  2.8182909888e+00 -1.7336870449e+00  1.9858230448e+00  1.8106021447e+00 -1.0757240760e+00  2.6777123193e+00  8.3783254087e-01 -3.9882542632e-01  1.9509144130e+00  8.7159870064e-01 -3.7927070277e-01  5.6876623637e-01  1.0828390400e-01  1.5258583582e-01  1.9148409223e-02  4.7613278654e-02  1.1838218077e-01  2.4770558739e+00  1.7536406389e+00 -1.1022274779e+00  4.1755017910e+00  1.5506667177e+00 -1.0831383840e-01  4.5703213642e+00  9.5219559036e-01 -1.7626411705e+00  4.5079779290e+00  2.6894405651e+00 -1.4628607783e+00  4.5951806362e+00  3.5831076349e+00 -2.2643924497e+00  2.5355070731e+00  3.6480235299e+00 -2.2330773611e+00  7.9682193767e-02
ENERGY -1.905040431799e+01

JOB 21
COORDS  1.9097286718e+00 -1.0276434698e+00 -1.1903438208e+00  1.8808351753e+00 -1.0404457665e+00 -1.1068221394e-01  2.8341206811e+00 -1.7455401344e+00  6.0344265270e-01  2.7961662388e+00 -1.7585928913e+00  1.9864469903e+00  1.8081551644e+00 -1.0690460257e+00  2.6778506752e+00  8.5665634071e-01 -3.6502575580e-01  1.9504000330e+00  8.9134287252e-01 -3.4962386097e-01  5.6749298085e-01  1.4449166924e-01  2.0437108134e-01  1.7185659748e-02  8.2074855255e-02  1.7767256110e-01  2.4741157614e+00  1.7551135005e+00 -1.1026625744e+00  4.1756204759e+00  1.3314559010e+00 -1.8176735145e-01  4.5700531083e+00  1.1269858449e+00 -1.9306209804e+00  4.5067806934e+00  2.7478043893e+00 -1.2444926148e+00  4.5969074756e+00  3.5444871358e+00 -2.3101099631e+00  2.5383425336e+00  3.6107084007e+00 -2.2861774980e+00  8.1732182388e-02
ENERGY -1.905040672180e+01

JOB 22
COORDS  1.9122324797e+00 -1.0250571255e+00 -1.1899759842e+00  1.8806917200e+00 -1.0378188614e+00 -1.1039619399e-01  2.8106070178e+00 -1.7738863350e+00  6.0452539443e-01  2.7697665627e+00 -1.7879518888e+00  1.9866156906e+00  1.8014228202e+00 -1.0684440452e+00  2.6773585242e+00  8.7411731908e-01 -3.3448677964e-01  1.9502112025e+00  9.1206738757e-01 -3.1809182455e-01  5.6662541836e-01  1.8351732734e-01  2.5958690873e-01  1.6132391707e-02  1.1479498723e-01  2.3112496646e-01  2.4720424825e+00  1.7568009931e+00 -1.1047980268e+00  4.1753211087e+00  1.1323154857e+00 -3.0537855078e-01  4.5665507387e+00  1.3456566483e+00 -2.0563297234e+00  4.5139923586e+00  2.7571376861e+00 -1.0071649308e+00  4.5928755956e+00  3.4983682442e+00 -2.3633515616e+00  2.5405670384e+00  3.5706301622e+00 -2.3376574660e+00  8.2899421831e-02
ENERGY -1.905040505818e+01

JOB 23
COORDS  1.9179911579e+00 -1.0184743715e+00 -1.1895925061e+00  1.8829470024e+00 -1.0340362270e+00 -1.1016067540e-01  2.7868920565e+00 -1.8026345382e+00  6.0432675053e-01  2.7409153879e+00 -1.8216279573e+00  1.9858540030e+00  1.7929994700e+00 -1.0748535693e+00  2.6768432617e+00  8.9225381092e-01 -3.0845990620e-01  1.9506080320e+00  9.3550961772e-01 -2.8713527346e-01  5.6692375846e-01  2.2681106945e-01  3.1507258210e-01  1.6807551916e-02  1.4864599618e-01  2.7800459753e-01  2.4720685224e+00  1.7568127995e+00 -1.1064333867e+00  4.1751589650e+00  9.6206598226e-01 -4.7238919532e-01  4.5600563014e+00  1.5927026127e+00 -2.1235975118e+00  4.5292582467e+00  2.7057752285e+00 -7.6171140673e-01  4.5846803498e+00  3.4480916865e+00 -2.4228558016e+00  2.5401676156e+00  3.5297129628e+00 -2.3885732786e+00  8.2345010728e-02
ENERGY -1.905040272276e+01

