JOB 0
COORDS  1.9217586729e+00 -1.0106561003e+00 -1.1895914474e+00  1.8854892603e+00 -1.0306542547e+00 -1.1025549979e-01  2.7629675821e+00 -1.8311127375e+00  6.0172100470e-01  2.7137957088e+00 -1.8565219477e+00  1.9833987242e+00  1.7887275645e+00 -1.0844442905e+00  2.6766886745e+00  9.1413642234e-01 -2.8547045018e-01  1.9527475951e+00  9.6076202609e-01 -2.5785977677e-01  5.6961037684e-01  2.7189245106e-01  3.6864577795e-01  2.1469612849e-02  1.8810934656e-01  3.2054298730e-01  2.4766258228e+00  1.7560384252e+00 -1.1071931574e+00  4.1752216202e+00  8.3325294480e-01 -6.7288811110e-01  4.5519923693e+00  1.8432478378e+00 -2.1264918864e+00  4.5468639163e+00  2.5923372299e+00 -5.3363048470e-01  4.5760511920e+00  3.4003269462e+00 -2.4837475155e+00  2.5348349440e+00  3.4872844227e+00 -2.4382232967e+00  7.7966282245e-02
ENERGY -1.905040505700e+01

JOB 1
COORDS  1.9219184429e+00 -1.0071136554e+00 -1.1894752650e+00  1.8862913621e+00 -1.0296145066e+00 -1.1018975070e-01  2.7392131278e+00 -1.8591464693e+00  5.9713972184e-01  2.6902420942e+00 -1.8880191518e+00  1.9795501775e+00  1.7908017701e+00 -1.0916124241e+00  2.6769814139e+00  9.4040826266e-01 -2.6260498838e-01  1.9560895286e+00  9.8614160730e-01 -2.3072189653e-01  5.7379813638e-01  3.1628823853e-01  4.1856859127e-01  2.8556768121e-02  2.3448248670e-01  3.6292214656e-01  2.4844326947e+00  1.7551816086e+00 -1.1068091430e+00  4.1755583007e+00  7.5353100511e-01 -8.9398117365e-01  4.5424574321e+00  2.0758528024e+00 -2.0714830526e+00  4.5621322084e+00  2.4275780317e+00 -3.4457844948e-01  4.5713920430e+00  3.3582919024e+00 -2.5388058065e+00  2.5262617308e+00  3.4439040988e+00 -2.4867052646e+00  7.0660047462e-02
ENERGY -1.905040650261e+01

JOB 2
COORDS  1.9180038276e+00 -1.0087163478e+00 -1.1894669901e+00  1.8851900439e+00 -1.0313098781e+00 -1.1008500913e-01  2.7150742630e+00 -1.8857634013e+00  5.9395028552e-01  2.6708840236e+00 -1.9146216896e+00  1.9771994992e+00  1.7985633826e+00 -1.0919756371e+00  2.6767506005e+00  9.6962867822e-01 -2.3716948180e-01  1.9591743150e+00  1.0113103115e+00 -2.0583535492e-01  5.7746242522e-01  3.5952331147e-01  4.6347566927e-01  3.4546632686e-02  2.8537108450e-01  4.0851669625e-01  2.4918068701e+00  1.7544286828e+00 -1.1056050271e+00  4.1750925688e+00  7.2524599492e-01 -1.1225164142e+00  4.5292022353e+00  2.2774277229e+00 -1.9717470469e+00  4.5730057163e+00  2.2283838997e+00 -2.0732579687e-01  4.5717212376e+00  3.3220148343e+00 -2.5854876441e+00  2.5201376339e+00  3.3990767804e+00 -2.5336238899e+00  6.4847166812e-02
ENERGY -1.905040466806e+01

JOB 3
COORDS  1.9103890441e+00 -1.0133882176e+00 -1.1899593925e+00  1.8815073537e+00 -1.0338845582e+00 -1.1042558859e-01  2.6893633186e+00 -1.9108717846e+00  5.9113117020e-01  2.6510955544e+00 -1.9357413814e+00  1.9749049426e+00  1.8071084417e+00 -1.0869592809e+00  2.6773298381e+00  9.9968096946e-01 -2.0986178953e-01  1.9615261192e+00  1.0350869977e+00 -1.8212216746e-01  5.7980284837e-01  4.0119624369e-01  5.0564857838e-01  3.8753532997e-02  3.3757774003e-01  4.5648231676e-01  2.4966998515e+00  1.7561054662e+00 -1.1046986278e+00  4.1754943628e+00  7.5154788500e-01 -1.3512511617e+00  4.5177873233e+00  2.4501861782e+00 -1.8363521604e+00  4.5812245898e+00  2.0112207085e+00 -1.2388443543e-01  4.5754415413e+00  3.2855534208e+00 -2.6242279505e+00  2.5154782093e+00  3.3525075192e+00 -2.5785926238e+00  6.0155839274e-02
ENERGY -1.905040259708e+01

JOB 4
COORDS  1.9052346461e+00 -1.0196691982e+00 -1.1900986589e+00  1.8786317308e+00 -1.0368535719e+00 -1.1044093096e-01  2.6632642436e+00 -1.9347758707e+00  5.9138642206e-01  2.6290370169e+00 -1.9544211138e+00  1.9750760630e+00  1.8122763521e+00 -1.0787729112e+00  2.6774173240e+00  1.0280618933e+00 -1.8102993836e-01  1.9620493482e+00  1.0598790045e+00 -1.5887468928e-01  5.7988052491e-01  4.4501181254e-01  5.4590381885e-01  3.8793161532e-02  3.8801808871e-01  5.0688558747e-01  2.4967747096e+00  1.7569846231e+00 -1.1040323224e+00  4.1752367696e+00  8.2882035455e-01 -1.5700608432e+00  4.5073638909e+00  2.5891287798e+00 -1.6698271946e+00  4.5869529576e+00  1.7844584397e+00 -9.3355250581e-02  4.5783855741e+00  3.2457616781e+00 -2.6583696869e+00  2.5162990179e+00  3.3055581775e+00 -2.6224520593e+00  6.0269014281e-02
ENERGY -1.905040487301e+01

JOB 5
COORDS  1.9130564651e+00 -1.0302022352e+00 -1.1900898900e+00  1.8818865118e+00 -1.0414890212e+00 -1.1048737454e-01  3.0460934828e+00 -1.2159881330e+00  6.1769118674e-01  3.0045526327e+00 -1.2278894537e+00  2.0005153923e+00  1.8023932763e+00 -1.0659974387e+00  2.6776259340e+00  6.4049554845e-01 -8.9226647140e-01  1.9361735515e+00  6.7795200606e-01 -8.7980878867e-01  5.5325016554e-01 -2.3496318054e-01 -7.4168343876e-01 -8.0631997610e-03 -3.0280104864e-01 -7.6461070074e-01  2.4486862708e+00  1.7562011225e+00 -1.1020574455e+00  4.1755463752e+00  1.5918526419e+00 -2.1245231838e+00  4.5181366928e+00  2.6931860725e+00 -7.5112168325e-01  4.6017887696e+00  9.4283604785e-01 -4.8683712210e-01  4.5540154502e+00  3.9173692033e+00 -1.3637598384e+00  2.5635865349e+00  3.9900160594e+00 -1.3414702897e+00  1.0696932852e-01
ENERGY -1.905040681021e+01

JOB 6
COORDS  1.9160464395e+00 -1.0273655287e+00 -1.1899078093e+00  1.8822831089e+00 -1.0397737597e+00 -1.1038691942e-01  3.0396721040e+00 -1.2508797682e+00  6.2007642615e-01  2.9949954664e+00 -1.2648770481e+00  2.0020262587e+00  1.7957015847e+00 -1.0686762446e+00  2.6771367023e+00  6.4167449850e-01 -8.5858102593e-01  1.9346300581e+00  6.8286944037e-01 -8.4388035943e-01  5.5109776547e-01 -2.2450251033e-01 -6.7751593589e-01 -1.1514017045e-02 -2.9920125848e-01 -7.0417408804e-01  2.4442538733e+00  1.7568542096e+00 -1.1027588459e+00  4.1753042324e+00  1.8337605113e+00 -2.1317367089e+00  4.5279544911e+00  2.5913060767e+00 -5.4393711113e-01  4.5948649264e+00  8.2719517542e-01 -6.8244805593e-01  4.5510944352e+00  3.9012372811e+00 -1.4294512183e+00  2.5681061977e+00  3.9802347136e+00 -1.4036495454e+00  1.1060856699e-01
ENERGY -1.905040502442e+01

JOB 7
COORDS  1.9179374594e+00 -1.0198549842e+00 -1.1901310658e+00  1.8825732057e+00 -1.0359849430e+00 -1.1071927376e-01  3.0323893953e+00 -1.2856481837e+00  6.2001580987e-01  2.9850243012e+00 -1.3058607643e+00  2.0015290775e+00  1.7916121855e+00 -1.0771284029e+00  2.6774933797e+00  6.4637716188e-01 -8.2844698866e-01  1.9340170182e+00  6.8899421861e-01 -8.0718538169e-01  5.5027955930e-01 -2.1268312471e-01 -6.1174322452e-01 -1.2191040586e-02 -2.9035235872e-01 -6.4856859441e-01  2.4427958193e+00  1.7572744216e+00 -1.1041742599e+00  4.1760730097e+00  2.0716330843e+00 -2.0800639782e+00  4.5447219016e+00  2.4396895071e+00 -3.5973351262e-01  4.5850871990e+00  7.5652403082e-01 -8.9894553486e-01  4.5474843061e+00  3.8848159162e+00 -1.5010149357e+00  2.5681323702e+00  3.9683174370e+00 -1.4653515554e+00  1.1075711747e-01
ENERGY -1.905040144639e+01

JOB 8
COORDS  1.9192987117e+00 -1.0107844176e+00 -1.1896693759e+00  1.8840182795e+00 -1.0316302608e+00 -1.1031961376e-01  3.0254323096e+00 -1.3207195165e+00  6.1861418414e-01  2.9777503742e+00 -1.3483976962e+00  2.0002483088e+00  1.7914473359e+00 -1.0881704891e+00  2.6767368195e+00  6.5361074756e-01 -7.9900884560e-01  1.9358621475e+00  6.9792832917e-01 -7.7055833114e-01  5.5261593180e-01 -1.9733939443e-01 -5.4509499659e-01 -8.7900512719e-03 -2.7714472366e-01 -5.9440925003e-01  2.4463901674e+00  1.7562304034e+00 -1.1055164899e+00  4.1752871887e+00  2.2881086909e+00 -1.9726470455e+00  4.5625416598e+00  2.2415615606e+00 -2.1294329476e-01  4.5713218234e+00  7.3273277287e-01 -1.1280830971e+00  4.5412899051e+00  3.8712523555e+00 -1.5751291542e+00  2.5651086553e+00  3.9552390883e+00 -1.5266123591e+00  1.0810743724e-01
ENERGY -1.905040479134e+01

JOB 9
COORDS  1.9192668527e+00 -1.0060663501e+00 -1.1894636935e+00  1.8854460481e+00 -1.0292990437e+00 -1.1011297410e-01  3.0180056650e+00 -1.3558625837e+00  6.1566440382e-01  2.9723222715e+00 -1.3872229089e+00  1.9980438704e+00  1.7961931968e+00 -1.0937092384e+00  2.6766444379e+00  6.6563047115e-01 -7.6692922213e-01  1.9383903815e+00  7.0829894782e-01 -7.3475074133e-01  5.5594411937e-01 -1.8043842799e-01 -4.8025675930e-01 -3.4299681245e-03 -2.5718005944e-01 -5.3722413685e-01  2.4526645997e+00  1.7542355062e+00 -1.1060466552e+00  4.1750050801e+00  2.4677070633e+00 -1.8214081759e+00  4.5778121232e+00  2.0112855827e+00 -1.1929516429e-01  4.5622254408e+00  7.5901591664e-01 -1.3588820996e+00  4.5338096417e+00  3.8599935839e+00 -1.6443693914e+00  2.5590635797e+00  3.9403442229e+00 -1.5883827733e+00  1.0308414536e-01
ENERGY -1.905040698084e+01

JOB 10
COORDS  1.9161505521e+00 -1.0092135783e+00 -1.1895625745e+00  1.8847933296e+00 -1.0313766855e+00 -1.1012750846e-01  3.0089684775e+00 -1.3913459608e+00  6.1183986251e-01  2.9667880007e+00 -1.4206890532e+00  1.9950878498e+00  1.8031787646e+00 -1.0914130472e+00  2.6769198466e+00  6.7994934726e-01 -7.3081651728e-01  1.9414773319e+00  7.1877642122e-01 -7.0043028647e-01  5.5960019295e-01 -1.6345993489e-01 -4.1924592095e-01  2.6896317323e-03 -2.3277118516e-01 -4.7221756408e-01  2.4600283267e+00  1.7534934610e+00 -1.1053033586e+00  4.1750707273e+00  2.6063037946e+00 -1.6378312164e+00  4.5888219656e+00  1.7680622777e+00 -8.4950921804e-02  4.5593907975e+00  8.3843142489e-01 -1.5794328213e+00  4.5252607712e+00  3.8491144228e+00 -1.7035197474e+00  2.5521508251e+00  3.9223476873e+00 -1.6519185649e+00  9.6697141799e-02
ENERGY -1.905040487711e+01

JOB 11
COORDS  1.9132124319e+00 -1.0167085330e+00 -1.1897286524e+00  1.8837812272e+00 -1.0352726452e+00 -1.1017455529e-01  2.9983425947e+00 -1.4266220715e+00  6.0989676550e-01  2.9592515837e+00 -1.4499249914e+00  1.9936653585e+00  1.8084643418e+00 -1.0829391222e+00  2.6771477886e+00  6.9418417074e-01 -6.9118617512e-01  1.9432635314e+00  7.2989604722e-01 -6.6679712239e-01  5.6150872675e-01 -1.4456378284e-01 -3.6001889260e-01  5.8345073254e-03 -2.0823512903e-01 -4.0263713274e-01  2.4640534010e+00  1.7531992557e+00 -1.1040544098e+00  4.1750520473e+00  2.7002019016e+00 -1.4320617754e+00  4.5962123508e+00  1.5267204980e+00 -1.1041817008e-01  4.5603957998e+00  9.6861328444e-01 -1.7787087180e+00  4.5159802985e+00  3.8347100650e+00 -1.7567582572e+00  2.5488650154e+00  3.9023483510e+00 -1.7155972276e+00  9.3372804589e-02
ENERGY -1.905040270680e+01

JOB 12
COORDS  1.9117207319e+00 -1.0248291735e+00 -1.1900064621e+00  1.8827985270e+00 -1.0390754541e+00 -1.1036792650e-01  2.9858158614e+00 -1.4616129876e+00  6.1031479818e-01  2.9476505818e+00 -1.4778490344e+00  1.9939080538e+00  1.8091478519e+00 -1.0730658023e+00  2.6774581058e+00  7.0678740657e-01 -6.5085852795e-01  1.9432142962e+00  7.4157312612e-01 -6.3346752482e-01  5.6100829481e-01 -1.2343755401e-01 -3.0121682267e-01  5.2010721379e-03 -1.8615734077e-01 -3.3270874082e-01  2.4630698482e+00  1.7537141570e+00 -1.1026914153e+00  4.1751873626e+00  2.7485524213e+00 -1.2101232751e+00  4.6004103803e+00  1.3018160187e+00 -1.9101864256e-01  4.5615921097e+00  1.1459304120e+00 -1.9437242719e+00  4.5104734615e+00  3.8137634509e+00 -1.8087728484e+00  2.5499176898e+00  3.8804511893e+00 -1.7786907227e+00  9.3964103298e-02
ENERGY -1.905040488598e+01

JOB 13
COORDS  1.9122500693e+00 -1.0287323222e+00 -1.1900971141e+00  1.8820029715e+00 -1.0408098902e+00 -1.1046452805e-01  2.9718413361e+00 -1.4954003192e+00  6.1176453233e-01  2.9314262923e+00 -1.5077967332e+00  1.9946268488e+00  1.8048565179e+00 -1.0668640005e+00  2.6775441875e+00  7.1689203504e-01 -6.1320015042e-01  1.9423915071e+00  7.5393668373e-01 -5.9944583007e-01  5.5948199150e-01 -1.0022799276e-01 -2.4188242228e-01  2.6457666330e-03 -1.6672114685e-01 -2.6590224672e-01  2.4595299832e+00  1.7549830650e+00 -1.1029090486e+00  4.1753165772e+00  2.7487190869e+00 -9.8058527166e-01  4.6002460710e+00  1.1061547804e+00 -3.2002644924e-01  4.5615592709e+00  1.3609995699e+00 -2.0630083337e+00  4.5111164621e+00  3.7862694302e+00 -1.8627723129e+00  2.5531937559e+00  3.8567441426e+00 -1.8403699133e+00  9.6489875785e-02
ENERGY -1.905040686187e+01

JOB 14
COORDS  1.9157974299e+00 -1.0264190475e+00 -1.1899423487e+00  1.8825058370e+00 -1.0391458209e+00 -1.1040620526e-01  2.9566283139e+00 -1.5284635486e+00  6.1383486300e-01  2.9128603461e+00 -1.5424859939e+00  1.9958119163e+00  1.7976651430e+00 -1.0684568008e+00  2.6771947601e+00  7.2668727526e-01 -5.8044079723e-01  1.9409595115e+00  7.6731344203e-01 -5.6493987189e-01  5.5741564679e-01 -7.4546673581e-02 -1.8060655043e-01 -3.3181377070e-04 -1.4783601804e-01 -2.0724388424e-01  2.4554909981e+00  1.7556974690e+00 -1.1037525904e+00  4.1752593074e+00  2.6957019355e+00 -7.5006783653e-01  4.5948961172e+00  9.4574977808e-01 -4.8742195959e-01  4.5575705676e+00  1.6002790015e+00 -2.1261203906e+00  4.5210601204e+00  3.7542137106e+00 -1.9245271116e+00  2.5570452621e+00  3.8314098511e+00 -1.8996130399e+00  9.9486484936e-02
ENERGY -1.905040481299e+01

JOB 15
COORDS  1.9206641651e+00 -1.0199190007e+00 -1.1901026605e+00  1.8849207105e+00 -1.0356449268e+00 -1.1068444804e-01  2.9417479734e+00 -1.5614552017e+00  6.1388189359e-01  2.8931205644e+00 -1.5805300689e+00  1.9953609539e+00  1.7911754004e+00 -1.0763092557e+00  2.6773599555e+00  7.3835880096e-01 -5.5237454753e-01  1.9403892545e+00  7.8305421972e-01 -5.3134980832e-01  5.5670520320e-01 -4.5680744606e-02 -1.1949781633e-01 -1.0654003487e-03 -1.2662300107e-01 -1.5616043993e-01  2.4537784947e+00  1.7551626840e+00 -1.1043266218e+00  4.1758693568e+00  2.5872332967e+00 -5.3279569555e-01  4.5858678267e+00  8.2646258149e-01 -6.8254444846e-01  4.5522329002e+00  1.8446518790e+00 -2.1276245223e+00  4.5384935357e+00  3.7200373778e+00 -1.9917759288e+00  2.5573464021e+00  3.8058409336e+00 -1.9573969614e+00  9.9911919775e-02
ENERGY -1.905040199863e+01

JOB 16
COORDS  1.9231602137e+00 -1.0115459374e+00 -1.1896278271e+00  1.8865005685e+00 -1.0318695394e+00 -1.1030648601e-01  2.9261128599e+00 -1.5932484005e+00  6.1203081612e-01  2.8763600995e+00 -1.6195270795e+00  1.9936414624e+00  1.7892404881e+00 -1.0863786185e+00  2.6766856218e+00  7.5302987014e-01 -5.2562178939e-01  1.9424932802e+00  7.9982684056e-01 -4.9785746368e-01  5.5933050573e-01 -1.5957047541e-02 -5.8882505372e-02  3.1842521018e-03 -9.9864499082e-02 -1.0685878105e-01  2.4582720302e+00  1.7542527211e+00 -1.1055842448e+00  4.1752233919e+00  2.4285932593e+00 -3.4742056456e-01  4.5746238655e+00  7.5270862116e-01 -8.9968024670e-01  4.5448036704e+00  2.0783761360e+00 -2.0725451657e+00  4.5554885309e+00  3.6900802736e+00 -2.0594960578e+00  2.5531957234e+00  3.7777064365e+00 -2.0131888498e+00  9.6306350235e-02
ENERGY -1.905040497466e+01

JOB 17
COORDS  1.9233631824e+00 -1.0082644877e+00 -1.1893196167e+00  1.8876427651e+00 -1.0306018812e+00 -1.1002047394e-01  2.9104018708e+00 -1.6253412542e+00  6.0845887044e-01  2.8620478912e+00 -1.6549953385e+00  1.9908394208e+00  1.7929566145e+00 -1.0924283094e+00  2.6766327210e+00  7.7218561918e-01 -4.9791025555e-01  1.9453875490e+00  8.1755661644e-01 -4.6659918377e-01  5.6306740849e-01  1.4606045623e-02 -1.7342226782e-03  9.2548902795e-03 -6.6852979591e-02 -5.6859009925e-02  2.4652810448e+00  1.7528446584e+00 -1.1050044690e+00  4.1750492576e+00  2.2306727687e+00 -2.0630911615e-01  4.5672616459e+00  7.2701424929e-01 -1.1246750096e+00  4.5361123243e+00  2.2838738495e+00 -1.9677692917e+00  4.5708194487e+00  3.6634014129e+00 -2.1221918801e+00  2.5461563989e+00  3.7484122767e+00 -2.0690215347e+00  9.0364298257e-02
ENERGY -1.905040704733e+01

JOB 18
COORDS  1.9197610414e+00 -1.0098845859e+00 -1.1894305512e+00  1.8867513170e+00 -1.0319069272e+00 -1.1004413077e-01  2.8936065695e+00 -1.6564146724e+00  6.0459008020e-01  2.8491540894e+00 -1.6850909076e+00  1.9878238334e+00  1.8000639566e+00 -1.0919422497e+00  2.6768361118e+00  7.9403796916e-01 -4.6722931089e-01  1.9485917819e+00  8.3538827959e-01 -4.3670936740e-01  5.6683594124e-01  4.4945526641e-02  5.2002630210e-02  1.5544153967e-02 -2.9186447614e-02 -2.1373641281e-03  2.4728102640e+00  1.7524083357e+00 -1.1042767485e+00  4.1750874568e+00  2.0097947108e+00 -1.1922631704e-01  4.5654724658e+00  7.5190998284e-01 -1.3500935158e+00  4.5262411099e+00  2.4555403920e+00 -1.8268935782e+00  4.5819848038e+00  3.6390916953e+00 -2.1758841175e+00  2.5391234506e+00  3.7168594232e+00 -2.1240182123e+00  8.3878416541e-02
ENERGY -1.905040485140e+01

JOB 19
COORDS  1.9149931305e+00 -1.0170159605e+00 -1.1896523404e+00  1.8846400105e+00 -1.0358983290e+00 -1.1013112472e-01  2.8755815014e+00 -1.6869563202e+00  6.0264656503e-01  2.8355441858e+00 -1.7104762316e+00  1.9863809808e+00  1.8070050295e+00 -1.0850268171e+00  2.6770733023e+00  8.1641353271e-01 -4.3355322243e-01  1.9504451931e+00  8.5339181921e-01 -4.0815615994e-01  5.6874064941e-01  7.5898480469e-02  1.0232780574e-01  1.8756200541e-02  9.9193170464e-03  5.7617377047e-02  2.4769062040e+00  1.7524994413e+00 -1.1028109977e+00  4.1750560975e+00  1.7793362057e+00 -8.6746117617e-02  4.5674426352e+00  8.2681708767e-01 -1.5654941734e+00  4.5155468217e+00  2.5907333874e+00 -1.6570351908e+00  4.5898124475e+00  3.6139066850e+00 -2.2213874425e+00  2.5358693326e+00  3.6834470272e+00 -2.1790934641e+00  8.0452223275e-02
ENERGY -1.905040273222e+01

JOB 20
COORDS  1.9109421213e+00 -1.0240550419e+00 -1.1900093114e+00  1.8821630514e+00 -1.0390990326e+00 -1.1039404280e-01  2.8557243785e+00 -1.7164989941e+00  6.0215712832e-01  2.8182918424e+00 -1.7336872415e+00  1.9858216973e+00  1.8106020516e+00 -1.0757233951e+00  2.6777110777e+00  8.3783172825e-01 -3.9882437046e-01  1.9509124698e+00  8.7159947937e-01 -3.7927114749e-01  5.6876526920e-01  1.0828383604e-01  1.5258572939e-01  1.9148708122e-02  4.7614173209e-02  1.1838205798e-01  2.4770568726e+00  1.7536409128e+00 -1.1022275580e+00  4.1755019793e+00  1.5506673195e+00 -1.0831377899e-01  4.5703225884e+00  9.5219485819e-01 -1.7626415468e+00  4.5079787290e+00  2.6894405827e+00 -1.4628616290e+00  4.5951810283e+00  3.5831068150e+00 -2.2643916074e+00  2.5355081272e+00  3.6480236911e+00 -2.2330776881e+00  7.9682866703e-02
ENERGY -1.905040432024e+01

JOB 21
COORDS  1.9097282957e+00 -1.0276441349e+00 -1.1903430496e+00  1.8808349776e+00 -1.0404459337e+00 -1.1068146691e-01  2.8341199570e+00 -1.7455396105e+00  6.0344149795e-01  2.7961674813e+00 -1.7585932742e+00  1.9864454754e+00  1.8081555832e+00 -1.0690454348e+00  2.6778493269e+00  8.5665570390e-01 -3.6502462389e-01  1.9503983849e+00  8.9134362621e-01 -3.4962423910e-01  5.6749186047e-01  1.4449140144e-01  2.0437115502e-01  1.7186184618e-02  8.2075886030e-02  1.7767252738e-01  2.4741169457e+00  1.7551135272e+00 -1.1026625280e+00  4.1756205575e+00  1.3314562709e+00 -1.8176721934e-01  4.5700538029e+00  1.1269848466e+00 -1.9306215252e+00  4.5067811753e+00  2.7478042716e+00 -1.2444933385e+00  4.5969080370e+00  3.5444866624e+00 -2.3101092046e+00  2.5383436849e+00  3.6107083503e+00 -2.2861778600e+00  8.1732770583e-02
ENERGY -1.905040672440e+01

JOB 22
COORDS  1.9122319946e+00 -1.0250572557e+00 -1.1899750306e+00  1.8806917935e+00 -1.0378190385e+00 -1.1039529852e-01  2.8106062403e+00 -1.7738858691e+00  6.0452464548e-01  2.7697681802e+00 -1.7879526696e+00  1.9866140646e+00  1.8014236516e+00 -1.0684437401e+00  2.6773568715e+00  8.7411664125e-01 -3.3448567406e-01  1.9502100218e+00  9.1206810271e-01 -3.1809223937e-01  5.6662427185e-01  1.8351704268e-01  2.5958710931e-01  1.6133209513e-02  1.1479557162e-01  2.3112452300e-01  2.4720439128e+00  1.7568009200e+00 -1.1047977592e+00  4.1753208013e+00  1.1323156649e+00 -3.0537805230e-01  4.5665506224e+00  1.3456555890e+00 -2.0563300577e+00  4.5139925839e+00  2.7571377869e+00 -1.0071653905e+00  4.5928762629e+00  3.4983678126e+00 -2.3633514275e+00  2.5405683643e+00  3.5706298495e+00 -2.3376577030e+00  8.2899884559e-02
ENERGY -1.905040506051e+01

JOB 23
COORDS  1.9179905871e+00 -1.0184740571e+00 -1.1895917559e+00  1.8829471876e+00 -1.0340364797e+00 -1.1016003625e-01  2.7868912971e+00 -1.8026340993e+00  6.0432589007e-01  2.7409164539e+00 -1.8216289919e+00  1.9858520730e+00  1.7929999789e+00 -1.0748539892e+00  2.6768419334e+00  8.9225338044e-01 -3.0845928355e-01  1.9506067980e+00  9.3551045659e-01 -2.8713567435e-01  5.6692237188e-01  2.2681099602e-01  3.1507299453e-01  1.6808318817e-02  1.4864714510e-01  2.7800418289e-01  2.4720696951e+00  1.7568125308e+00 -1.1064331221e+00  4.1751589790e+00  9.6206571772e-01 -4.7238879621e-01  4.5600564042e+00  1.5927019707e+00 -2.1235977667e+00  4.5292592141e+00  2.7057754836e+00 -7.6171118142e-01  4.5846814126e+00  3.4480909910e+00 -2.4228555202e+00  2.5401686059e+00  3.5297126647e+00 -2.3885734599e+00  8.2345283812e-02
ENERGY -1.905040272484e+01

