JOB 0
COORDS  7.3626389119e-01 -8.9619710246e-01 -9.4020866688e-01  1.3215272900e+00 -9.3590791326e-01 -3.4167865732e-02  2.5044250182e+00 -2.2127084991e-01  6.5271373784e-02  3.2559928908e+00 -2.7462012937e-01  1.2220670892e+00  2.8321126322e+00 -1.0557515934e+00  2.2950427948e+00  1.6325314139e+00 -1.7533059944e+00  2.2062132935e+00  8.8968487366e-01 -1.6927742926e+00  1.0404472787e+00 -3.9763614016e-02 -2.2395732299e+00  9.7898487823e-01  1.2749651012e+00 -2.3282494014e+00  3.0478806433e+00  3.6081461648e+00 -1.0051117098e+00  3.4201795793e+00  3.4732645931e+00 -1.9429091376e+00  4.4135714198e+00  3.4911254528e+00 -1.4915066451e+00  5.7286461224e+00  3.4348254410e+00 -2.3996466127e+00  6.7693148747e+00  3.3591381095e+00 -3.7575165419e+00  6.5084096570e+00  3.3549628359e+00 -4.2063430664e+00  5.1984581174e+00  3.4165684589e+00 -3.3076446472e+00  4.1494408896e+00  3.4313773443e+00 -3.6566769804e+00  3.1270465848e+00  3.3099217069e+00 -5.2648358426e+00  4.9885881272e+00  3.3100031288e+00 -4.4644318838e+00  7.3227396204e+00  3.4464383744e+00 -2.0438605696e+00  7.7887974863e+00  3.5524829455e+00 -4.3042602234e-01  5.9145836140e+00  4.1779179506e+00  2.7751419852e-01  1.3175390880e+00  2.8436837782e+00  3.8271327380e-01 -7.6311354043e-01
ENERGY -3.483611432831e+01

JOB 1
COORDS  8.6770086361e-01 -1.0551889308e+00 -1.0192271662e+00  1.3885485493e+00 -1.0303067046e+00 -7.4119837819e-02  2.5894197272e+00 -3.4977732033e-01  4.1926007253e-02  3.2613038217e+00 -3.2163067826e-01  1.2487384975e+00  2.7305263008e+00 -9.7843103100e-01  2.3549179017e+00  1.5160618898e+00 -1.6475578520e+00  2.2450175565e+00  8.5544685811e-01 -1.6724227011e+00  1.0303226817e+00 -8.7027706677e-02 -2.1939826419e+00  9.5118906833e-01  1.0899656491e+00 -2.1354338392e+00  3.1097684162e+00  3.4132505447e+00 -8.5547346011e-01  3.5362347326e+00  3.3807545704e+00 -1.8605270130e+00  4.4669981845e+00  3.4699781277e+00 -1.4864755149e+00  5.8044632632e+00  3.5100540623e+00 -2.4544638594e+00  6.7894737929e+00  3.4601209788e+00 -3.7971042377e+00  6.4530106307e+00  3.3837809677e+00 -4.1676577301e+00  5.1213784217e+00  3.3479218496e+00 -3.2086359513e+00  4.1258303464e+00  3.3044950313e+00 -3.4997349658e+00  3.0861778578e+00  3.3576182872e+00 -5.2128538086e+00  4.8505020191e+00  3.4863685755e+00 -4.5514969736e+00  7.2245860666e+00  3.5768176716e+00 -2.1579453765e+00  7.8256599462e+00  3.5099145208e+00 -4.3633003125e-01  6.0489136335e+00  4.1965031279e+00  2.0529592656e-01  1.3571425426e+00  3.0080715132e+00  1.5980200131e-01 -8.1317210372e-01
ENERGY -3.483655078212e+01

JOB 2
COORDS  1.0007479440e+00 -1.1803535076e+00 -1.0756652166e+00  1.4548401760e+00 -1.1053051457e+00 -9.9203425846e-02  2.6804889087e+00 -4.7883993356e-01  5.1094351044e-02  3.2687905396e+00 -3.8733247943e-01  1.2990342850e+00  2.6216155500e+00 -9.1817069459e-01  2.4088511776e+00  1.3869971553e+00 -1.5418126874e+00  2.2614898113e+00  8.1133903828e-01 -1.6329141176e+00  1.0079100654e+00 -1.4806541914e-01 -2.1164164119e+00  8.9758148090e-01  8.8599858068e-01 -1.9455612021e+00  3.1295902140e+00  3.2092997894e+00 -7.4681143201e-01  3.6387170603e+00  3.2888725991e+00 -1.7987213329e+00  4.5107020156e+00  3.4486848867e+00 -1.4837020732e+00  5.8575087866e+00  3.5887768423e+00 -2.4923433423e+00  6.7904367966e+00  3.5687364556e+00 -3.8197335924e+00  6.3941558055e+00  3.4191905862e+00 -4.1312265137e+00  5.0540599829e+00  3.2821499715e+00 -3.1300961093e+00  4.1093654969e+00  3.1792173799e+00 -3.3776480078e+00  3.0627235936e+00  3.4133513374e+00 -5.1631110531e+00  4.7350067910e+00  3.6737158178e+00 -4.6067188366e+00  7.1253947435e+00  3.7105321514e+00 -2.2402529560e+00  7.8334168118e+00  3.4633667503e+00 -4.4496412356e-01  6.1484994363e+00  4.2228469697e+00  9.8404401625e-02  1.4335831317e+00  3.1861017710e+00 -6.4701542571e-02 -8.0852073538e-01
ENERGY -3.483624315714e+01

JOB 3
COORDS  1.1320857740e+00 -1.2718750565e+00 -1.1180875776e+00  1.5165418319e+00 -1.1625130915e+00 -1.1522122262e-01  2.7670859736e+00 -6.0565054640e-01  9.1632028669e-02  3.2668461482e+00 -4.6947165226e-01  1.3743858798e+00  2.5016328946e+00 -8.8150246640e-01  2.4576387095e+00  1.2459096166e+00 -1.4427774202e+00  2.2534880470e+00  7.5894265776e-01 -1.5795299308e+00  9.6687513464e-01 -2.1762833137e-01 -2.0129933581e+00  8.0971108168e-01  6.6362941809e-01 -1.7646811590e+00  3.1047431821e+00  2.9927143750e+00 -6.8026776077e-01  3.7294961155e+00  3.1971192939e+00 -1.7570980397e+00  4.5470329876e+00  3.4213615189e+00 -1.4804923696e+00  5.8936883784e+00  3.6695076857e+00 -2.5111629961e+00  6.7779458567e+00  3.6943757826e+00 -3.8238088024e+00  6.3344464288e+00  3.4770071931e+00 -4.0961441362e+00  4.9956159242e+00  3.2303518105e+00 -3.0722775613e+00  4.0980818618e+00  3.0713898008e+00 -3.2910041541e+00  3.0520037181e+00  3.5018133182e+00 -5.1154153324e+00  4.6390589549e+00  3.8851825406e+00 -4.6284190895e+00  7.0281631317e+00  3.8415542069e+00 -2.2885359931e+00  7.8205751767e+00  3.3988570764e+00 -4.5299031391e-01  6.2215839364e+00  4.2396439048e+00 -3.7520269796e-02  1.5526257196e+00  3.3616712911e+00 -2.8220119378e-01 -7.4975099401e-01
ENERGY -3.483544401714e+01

JOB 4
COORDS  1.2505825097e+00 -1.3180166164e+00 -1.1513950167e+00  1.5676068065e+00 -1.1945186549e+00 -1.2674532704e-01  2.8440309862e+00 -7.3733477784e-01  1.5366410826e-01  3.2569274528e+00 -5.8174574612e-01  1.4650252377e+00  2.3792581299e+00 -8.7599423866e-01  2.4997558491e+00  1.0988196017e+00 -1.3391745058e+00  2.2225982540e+00  6.9757477920e-01 -1.4945330815e+00  9.0836359240e-01 -2.9833803293e-01 -1.8520610972e+00  6.9267186887e-01  4.3182002202e-01 -1.5714073160e+00  3.0397910395e+00  2.7763975060e+00 -6.6153731358e-01  3.8058168943e+00  3.1100423476e+00 -1.7387854064e+00  4.5777074240e+00  3.3846883496e+00 -1.4805771126e+00  5.9188601665e+00  3.7440663666e+00 -2.5137386095e+00  6.7605187210e+00  3.8321084052e+00 -3.8108341697e+00  6.2800730783e+00  3.5612654607e+00 -4.0651055169e+00  4.9477681997e+00  3.2015755723e+00 -3.0380164186e+00  4.0926640549e+00  2.9962925528e+00 -3.2423146532e+00  3.0516931990e+00  3.6305090224e+00 -5.0719943353e+00  4.5628924008e+00  4.1116833194e+00 -4.6171989463e+00  6.9408598739e+00  3.9552790927e+00 -2.3055780476e+00  7.7989666098e+00  3.3112028193e+00 -4.6521083946e-01  6.2756752578e+00  4.2489702701e+00 -2.2696271670e-01  1.7000624550e+00  3.5252324421e+00 -5.0569257352e-01 -6.5155548175e-01
ENERGY -3.483464214403e+01

JOB 5
COORDS  1.3545811010e+00 -1.3086345921e+00 -1.1847630587e+00  1.6070186262e+00 -1.1957211324e+00 -1.4110971446e-01  2.9018514863e+00 -8.7028741326e-01  2.2651467224e-01  3.2312729205e+00 -7.2563160305e-01  1.5622030614e+00  2.2550136951e+00 -9.0637130905e-01  2.5332535764e+00  9.5566911350e-01 -1.2334653713e+00  2.1685443879e+00  6.3637401313e-01 -1.3754700034e+00  8.3002841488e-01 -3.7411785250e-01 -1.6288673055e+00  5.4570537152e-01  2.1020623279e-01 -1.3708113635e+00  2.9374635981e+00  2.5623336220e+00 -6.9737138699e-01  3.8655834004e+00  3.0271774473e+00 -1.7496860427e+00  4.6027939375e+00  3.3371165251e+00 -1.4860852813e+00  5.9351518287e+00  3.8104539990e+00 -2.4980771564e+00  6.7454810838e+00  3.9806211269e+00 -3.7783402673e+00  6.2423116747e+00  3.6722681002e+00 -4.0378483039e+00  4.9192624050e+00  3.1964801378e+00 -3.0325020469e+00  4.0955454075e+00  2.9569689469e+00 -3.2412550871e+00  3.0627142011e+00  3.8009901594e+00 -5.0321994047e+00  4.5174540971e+00  4.3511363508e+00 -4.5675651965e+00  6.8786248837e+00  4.0486560749e+00 -2.2861589029e+00  7.7773064547e+00  3.1986777676e+00 -4.8416317391e-01  6.3102179676e+00  4.2365721683e+00 -4.7285352893e-01  1.8645547026e+00  3.6602740196e+00 -7.2896682087e-01 -5.2910989437e-01
ENERGY -3.483435185852e+01

JOB 6
COORDS  1.4384823895e+00 -1.2343603168e+00 -1.2155933143e+00  1.6339162588e+00 -1.1576238100e+00 -1.5655710286e-01  2.9317319481e+00 -9.9324991332e-01  2.9856695748e-01  3.1873825632e+00 -8.9272572398e-01  1.6537699941e+00  2.1355825849e+00 -9.6601038249e-01  2.5593000623e+00  8.3285110369e-01 -1.1244807168e+00  2.1061470087e+00  5.8749654299e-01 -1.2195446265e+00  7.4782871206e-01 -4.2572615893e-01 -1.3443173537e+00  3.9585343730e-01  2.7663687167e-02 -1.1684199754e+00  2.8236468635e+00  2.3599188786e+00 -7.8636190761e-01  3.9100945659e+00  2.9515837649e+00 -1.7920093952e+00  4.6215555191e+00  3.2879476159e+00 -1.5039624128e+00  5.9424452944e+00  3.8727659615e+00 -2.4734802855e+00  6.7317270539e+00  4.1305817443e+00 -3.7345578005e+00  6.2177318929e+00  3.7930927900e+00 -4.0194456763e+00  4.9069960855e+00  3.2043837538e+00 -3.0573549332e+00  4.1051121786e+00  2.9367435838e+00 -3.2879308216e+00  3.0838963886e+00  3.9859027936e+00 -5.0005560604e+00  4.4983987958e+00  4.5899686075e+00 -4.4900968116e+00  6.8367190043e+00  4.1308960235e+00 -2.2428197426e+00  7.7546813227e+00  3.0802373533e+00 -5.1728807799e-01  6.3259800136e+00  4.1946199395e+00 -7.6331936478e-01  2.0219507660e+00  3.7495720520e+00 -9.3841658490e-01 -4.0451903999e-01
ENERGY -3.483478943658e+01

JOB 7
COORDS  1.5331944365e+00 -1.1254421370e+00 -1.2396535499e+00  1.6693715182e+00 -1.0988710241e+00 -1.6903612750e-01  2.9462655024e+00 -1.0877196146e+00  3.6762558423e-01  3.1278916672e+00 -1.0515784318e+00  1.7375720288e+00  2.0202618173e+00 -1.0403511385e+00  2.5785525088e+00  7.3857240303e-01 -1.0400989694e+00  2.0428878686e+00  5.6884468999e-01 -1.0699218380e+00  6.7049982886e-01 -4.2839890363e-01 -1.0728263882e+00  2.5629137373e-01 -1.0864505127e-01 -1.0135395660e+00  2.7107776689e+00  2.1594855016e+00 -9.1732679798e-01  3.9427086888e+00  2.8742551736e+00 -1.8559525836e+00  4.6341462921e+00  3.2461239031e+00 -1.5207392939e+00  5.9339683389e+00  3.9377822631e+00 -2.4297573976e+00  6.7092872581e+00  4.2680581562e+00 -3.6758489832e+00  6.2009285419e+00  3.8921613042e+00 -4.0092486387e+00  4.9119122361e+00  3.1957234678e+00 -3.1090450746e+00  4.1252150735e+00  2.8948940742e+00 -3.3791354684e+00  3.1231565406e+00  4.1379471574e+00 -4.9811639809e+00  4.5099138959e+00  4.8121002428e+00 -4.3834612569e+00  6.8078281258e+00  4.2236417117e+00 -2.1625535771e+00  7.7158038951e+00  2.9803195880e+00 -5.4656230807e-01  6.3137239893e+00  4.1200674258e+00 -1.0376438524e+00  2.1652382376e+00  3.8076777324e+00 -1.0995443728e+00 -2.8361583873e-01
ENERGY -3.483567040939e+01

JOB 8
COORDS  1.6265854331e+00 -9.9418177667e-01 -1.2505872908e+00  1.7095583885e+00 -1.0258513292e+00 -1.7472859355e-01  2.9511817911e+00 -1.1589605078e+00  4.2386199424e-01  3.0648385358e+00 -1.2001397592e+00  1.8011625942e+00  1.9216482188e+00 -1.1192139658e+00  2.5896811277e+00  6.7517354343e-01 -9.7252291973e-01  1.9910922055e+00  5.7510196361e-01 -9.2656806379e-01  6.1309379877e-01 -3.9536216076e-01 -8.1571090795e-01  1.5273586156e-01 -1.9879409073e-01 -8.9343862156e-01  2.6189103862e+00  1.9774338566e+00 -1.0773966080e+00  3.9604567716e+00  2.8004917724e+00 -1.9338002600e+00  4.6409067500e+00  3.2096672871e+00 -1.5344881093e+00  5.9103384849e+00  3.9957187901e+00 -2.3723776916e+00  6.6769996011e+00  4.3824561162e+00 -3.6098391660e+00  6.1888437777e+00  3.9665107142e+00 -4.0098368079e+00  4.9308433960e+00  3.1756153681e+00 -3.1817398327e+00  4.1550973827e+00  2.8409460461e+00 -3.5032679109e+00  3.1793638180e+00  4.2539550805e+00 -4.9777671590e+00  4.5473174759e+00  5.0007584382e+00 -4.2610234041e+00  6.7877885366e+00  4.3110582119e+00 -2.0553085326e+00  7.6599404138e+00  2.8983448414e+00 -5.6825024099e-01  6.2756341626e+00  4.0333863913e+00 -1.2926443388e+00  2.2712367223e+00  3.8413212447e+00 -1.2240047803e+00 -1.8425691759e-01
ENERGY -3.483639368996e+01

JOB 9
COORDS  1.7053644076e+00 -8.3014127411e-01 -1.2437906585e+00  1.7422512523e+00 -9.3182409960e-01 -1.6985355931e-01  2.9444090400e+00 -1.2002796189e+00  4.6139878749e-01  3.0023334008e+00 -1.3349700702e+00  1.8367392460e+00  1.8416109538e+00 -1.2050745085e+00  2.5918023759e+00  6.3424523091e-01 -9.2358864854e-01  1.9583153035e+00  5.8943277299e-01 -7.8721711520e-01  5.8455192156e-01 -3.5136437210e-01 -5.7071835446e-01  1.0060121444e-01 -2.5353483195e-01 -8.1303310633e-01  2.5612333186e+00  1.8198324502e+00 -1.2691531579e+00  3.9594192675e+00  2.7351061854e+00 -2.0303559421e+00  4.6392950244e+00  3.1673463135e+00 -1.5539085924e+00  5.8730476376e+00  4.0355728370e+00 -2.3089702245e+00  6.6382447250e+00  4.4800811172e+00 -3.5389778138e+00  6.1824547595e+00  4.0394654916e+00 -4.0180321404e+00  4.9605789354e+00  3.1666427387e+00 -3.2736002079e+00  4.1884929053e+00  2.8100619711e+00 -3.6552701144e+00  3.2427181787e+00  4.3713262980e+00 -4.9822943060e+00  4.6047780584e+00  5.1624236661e+00 -4.1246972062e+00  6.7795224874e+00  4.3694138843e+00 -1.9325759299e+00  7.5937364194e+00  2.8097042501e+00 -5.9477671024e-01  6.2140162936e+00  3.9458464081e+00 -1.5269063810e+00  2.3268046517e+00  3.8500243162e+00 -1.3019671712e+00 -1.1837483422e-01
ENERGY -3.483651168522e+01

JOB 10
COORDS  1.7687352040e+00 -6.4194073941e-01 -1.2160181931e+00  1.7694744794e+00 -8.2376261087e-01 -1.5210189300e-01  2.9314691207e+00 -1.2208227453e+00  4.8505201799e-01  2.9434627946e+00 -1.4617061092e+00  1.8476556812e+00  1.7763225379e+00 -1.3006162907e+00  2.5858365572e+00  6.0734207161e-01 -8.9387997807e-01  1.9457845492e+00  6.0892874457e-01 -6.5572943663e-01  5.8605116057e-01 -3.0211668789e-01 -3.4086634667e-01  9.9218121617e-02 -2.8726782490e-01 -7.6866911039e-01  2.5355676399e+00  1.6871667386e+00 -1.4872289960e+00  3.9376186215e+00  2.6775745770e+00 -2.1426928733e+00  4.6278190019e+00  3.1179256464e+00 -1.5757296094e+00  5.8182332475e+00  4.0572764149e+00 -2.2352921475e+00  6.5891246181e+00  4.5628744544e+00 -3.4576696277e+00  6.1800192952e+00  4.1135685871e+00 -4.0275215644e+00  5.0004859283e+00  3.1702726185e+00 -3.3796940805e+00  4.2244456611e+00  2.8049306151e+00 -3.8297703765e+00  3.3127406751e+00  4.4942766876e+00 -4.9871359677e+00  4.6831934843e+00  5.3000037090e+00 -3.9683749349e+00  6.7809781212e+00  4.3979252133e+00 -1.7896126244e+00  7.5118378354e+00  2.7125255282e+00 -6.2364864617e-01  6.1239569601e+00  3.8613146799e+00 -1.7508824031e+00  2.3382036117e+00  3.8436098717e+00 -1.3450854752e+00 -7.9970243893e-02
ENERGY -3.483594307347e+01

JOB 11
COORDS  1.8440950601e+00 -4.3694306567e-01 -1.1629337464e+00  1.8086066871e+00 -7.0468643180e-01 -1.1799565029e-01  2.9267287278e+00 -1.2322756382e+00  5.0148930390e-01  2.8933780583e+00 -1.5853781075e+00  1.8395981671e+00  1.7272255550e+00 -1.3988384477e+00  2.5721455487e+00  6.0063219749e-01 -8.6565861904e-01  1.9477038598e+00  6.4541722862e-01 -5.1961890519e-01  6.1280440720e-01 -2.3243413730e-01 -1.0531038348e-01  1.3943733367e-01 -2.9639227260e-01 -7.3177467289e-01  2.5317759894e+00  1.5787985326e+00 -1.7170765742e+00  3.8935702907e+00  2.6223558989e+00 -2.2650085450e+00  4.6063642474e+00  3.0739210793e+00 -1.5915109737e+00  5.7344289296e+00  4.0673849992e+00 -2.1504237295e+00  6.5176613035e+00  4.6147541266e+00 -3.3764905009e+00  6.1796176678e+00  4.1572544769e+00 -4.0521870699e+00  5.0607732801e+00  3.1602430648e+00 -3.5039366476e+00  4.2747646806e+00  2.7868415986e+00 -4.0323930535e+00  3.4097179824e+00  4.5738900298e+00 -5.0138041275e+00  4.7996175927e+00  5.3933493415e+00 -3.8082058651e+00  6.7902159841e+00  4.4170070646e+00 -1.6238543783e+00  7.3932184923e+00  2.6356479710e+00 -6.3762892038e-01  5.9846021323e+00  3.7793532137e+00 -1.9793942821e+00  2.3151543780e+00  3.8395372798e+00 -1.3759337547e+00 -5.7999715383e-02
ENERGY -3.483485078085e+01

JOB 12
COORDS  1.8778641710e+00  5.1102628278e-01 -7.3188586750e-01  1.8314532888e+00 -1.0466295908e-01  1.5341476084e-01  2.9960503355e+00 -5.3004790161e-01  7.6707883318e-01  2.9491780108e+00 -1.3154982890e+00  1.9054003324e+00  1.7184567079e+00 -1.6837833968e+00  2.4369700175e+00  5.4484395525e-01 -1.2618007239e+00  1.8155471378e+00  6.0571315293e-01 -4.7947984794e-01  6.7990097081e-01 -3.0919144950e-01 -1.5724740833e-01  2.0527624829e-01 -4.0063857764e-01 -1.5623242536e+00  2.2393755810e+00  1.5616561253e+00 -2.4767521522e+00  3.5400320375e+00  2.6132853564e+00 -2.7248344845e+00  4.3881123529e+00  3.4037015716e+00 -1.7058392045e+00  4.9099611847e+00  4.4003658862e+00 -2.0097103011e+00  5.8189033455e+00  4.6096657600e+00 -3.3186663055e+00  6.2194841608e+00  3.8093126440e+00 -4.3287584717e+00  5.7130108221e+00  2.8134323530e+00 -4.0377189390e+00  4.7992950401e+00  2.1797616847e+00 -4.8127382146e+00  4.3966331897e+00  3.9625491294e+00 -5.3503282585e+00  6.0276005531e+00  5.3899577826e+00 -3.5491370037e+00  6.9289591168e+00  5.0125664881e+00 -1.2158700704e+00  6.2207420270e+00  3.2265792678e+00 -6.8337249598e-01  4.6092097895e+00  3.8646464438e+00 -1.6594619303e+00  2.3639997041e+00  3.9563856935e+00 -2.5132636428e-01  3.5871112119e-01
ENERGY -3.483594339197e+01

JOB 13
COORDS  1.8507458262e+00  6.6789626066e-01 -6.1588132383e-01  1.8215252656e+00 -1.4886257282e-02  2.1957094522e-01  2.9968055308e+00 -5.3989416442e-01  7.2833902533e-01  2.9709489663e+00 -1.4135810957e+00  1.8002560213e+00  1.7541422265e+00 -1.7636728425e+00  2.3757197615e+00  5.7106802598e-01 -1.2448465097e+00  1.8566867394e+00  6.0885024063e-01 -3.7630562176e-01  7.8331448731e-01 -3.1323106485e-01  2.3161096076e-02  3.8786491240e-01 -3.6445081049e-01 -1.5378784792e+00  2.3070439531e+00  1.6350649546e+00 -2.6624066386e+00  3.4018455627e+00  2.6442717663e+00 -2.8192894437e+00  4.3161547545e+00  3.3928047561e+00 -1.7529798807e+00  4.8037389359e+00  4.3490573489e+00 -1.9766734133e+00  5.7772355014e+00  4.5607651094e+00 -3.2507921332e+00  6.2756983441e+00  3.8017744205e+00 -4.3079804209e+00  5.8017757683e+00  2.8467026128e+00 -4.0982384280e+00  4.8254842775e+00  2.2452577244e+00 -4.9099412574e+00  4.4465974257e+00  3.9562494359e+00 -5.3031388976e+00  6.1914985872e+00  5.3099923440e+00 -3.4178597373e+00  7.0345906850e+00  4.9278607768e+00 -1.1453075150e+00  6.1518123698e+00  3.2165208642e+00 -7.5561322971e-01  4.4274318484e+00  3.8893152421e+00 -1.8350571946e+00  2.1825458221e+00  3.9455542188e+00 -2.7304689006e-01  2.8640805502e-01
ENERGY -3.483651149941e+01

JOB 14
COORDS  1.8165621730e+00  8.0107811183e-01 -4.9974905557e-01  1.8138170847e+00  5.9066379681e-02  2.8429770377e-01  2.9972160026e+00 -5.4651388254e-01  6.7230253112e-01  3.0018014710e+00 -1.4977495166e+00  1.6755211028e+00  1.8099839870e+00 -1.8390651461e+00  2.3067590222e+00  6.1879821514e-01 -1.2416321382e+00  1.9100710791e+00  6.2626624728e-01 -2.9618565644e-01  9.0151455273e-01 -3.0078831093e-01  1.6756606070e-01  5.9897242705e-01 -2.9839777896e-01 -1.5317716452e+00  2.3987694048e+00  1.7398390305e+00 -2.8297613475e+00  3.2543646565e+00  2.6832652642e+00 -2.9007765900e+00  4.2439544487e+00  3.3799578819e+00 -1.7940983030e+00  4.7172198733e+00  4.2772066591e+00 -1.9441768781e+00  5.7590393951e+00  4.4831977819e+00 -3.1839144264e+00  6.3389498735e+00  3.7773584852e+00 -4.2820939211e+00  5.8755376302e+00  2.8816653745e+00 -4.1465196598e+00  4.8328283410e+00  2.3227677444e+00 -4.9910165256e+00  4.4608170642e+00  3.9276099772e+00 -5.2519387656e+00  6.3260376910e+00  5.1861667433e+00 -3.2927726148e+00  7.1507896700e+00  4.8148522068e+00 -1.0805573581e+00  6.1218724898e+00  3.2116180694e+00 -8.2202587864e-01  4.2765375284e+00  3.9217808291e+00 -1.9801330712e+00  1.9730899530e+00  3.9250506433e+00 -2.8333992125e-01  1.8623507651e-01
ENERGY -3.483639384790e+01

JOB 15
COORDS  1.7587796127e+00  9.0886899086e-01 -3.8884673796e-01  1.7944569978e+00  1.1718501081e-01  3.4427885767e-01  2.9827223744e+00 -5.5256471025e-01  5.8535157268e-01  3.0343824323e+00 -1.5684966724e+00  1.5214148719e+00  1.8884451866e+00 -1.9080995121e+00  2.2326381312e+00  6.9286824049e-01 -1.2457064116e+00  1.9852587801e+00  6.5158961520e-01 -2.3500829172e-01  1.0417722536e+00 -2.7813633180e-01  2.8080944280e-01  8.5317124137e-01 -1.9005674240e-01 -1.5345528706e+00  2.5344597811e+00  1.8801281030e+00 -2.9698738516e+00  3.1093904983e+00  2.7358442628e+00 -2.9680013770e+00  4.1762255272e+00  3.3823496082e+00 -1.8294648100e+00  4.6435968620e+00  4.2034027368e+00 -1.9154678066e+00  5.7539050128e+00  4.3842782843e+00 -3.1222211038e+00  6.4060364557e+00  3.7310552345e+00 -4.2535427380e+00  5.9440001430e+00  2.9116639339e+00 -4.1824259611e+00  4.8350699026e+00  2.3952244294e+00 -5.0531599188e+00  4.4623628459e+00  3.8630778380e+00 -5.1990485053e+00  6.4487671258e+00  5.0272614753e+00 -3.1808511257e+00  7.2710196948e+00  4.7018881974e+00 -1.0264910402e+00  6.1114822238e+00  3.2364674825e+00 -8.8201561504e-01  4.1450172652e+00  3.9555193736e+00 -2.0997642024e+00  1.7130548248e+00  3.8743834367e+00 -2.8843961401e-01  3.6305325791e-02
ENERGY -3.483567037292e+01

JOB 16
COORDS  1.6928643579e+00  9.8798009350e-01 -2.8709207970e-01  1.7741186229e+00  1.5678577881e-01  3.9714721307e-01  2.9518394371e+00 -5.6849509106e-01  4.7081504236e-01  3.0603164370e+00 -1.6347906921e+00  1.3445032317e+00  1.9833399772e+00 -1.9713183084e+00  2.1559633731e+00  7.9944919280e-01 -1.2500695319e+00  2.0804133754e+00  6.9988765405e-01 -1.8762206679e-01  1.1997050135e+00 -2.2071302207e-01  3.7387075725e-01  1.1424113051e+00 -2.9973993925e-02 -1.5324324218e+00  2.7108333680e+00  2.0440034588e+00 -3.0811773316e+00  2.9758567201e+00  2.7958388670e+00 -3.0200303647e+00  4.1155164109e+00  3.3795589716e+00 -1.8525175057e+00  4.5930133708e+00  4.1103426061e+00 -1.8832199721e+00  5.7678356407e+00  4.2639356720e+00 -3.0635140066e+00  6.4725317607e+00  3.6766242050e+00 -4.2250977994e+00  5.9964803690e+00  2.9468887766e+00 -4.2093193592e+00  4.8249764969e+00  2.4831230059e+00 -5.1040306467e+00  4.4400963045e+00  3.7895327431e+00 -5.1509775252e+00  6.5407858526e+00  4.8357324422e+00 -3.0791711826e+00  7.3878764587e+00  4.5605106493e+00 -9.7168385846e-01  6.1327245326e+00  3.2579388553e+00 -9.2610118379e-01  4.0502013610e+00  3.9727601285e+00 -2.2090525857e+00  1.4112030040e+00  3.7896767371e+00 -3.0634788954e-01 -1.5806566557e-01
ENERGY -3.483478947025e+01

JOB 17
COORDS  1.6202710301e+00  1.0333784513e+00 -2.0588018168e-01  1.7507501154e+00  1.7609175740e-01  4.3728528003e-01  2.8974668513e+00 -5.9389167219e-01  3.3795734135e-01  3.0719439556e+00 -1.6929280997e+00  1.1595777730e+00  2.0886537509e+00 -2.0212854663e+00  2.0836935622e+00  9.3777035021e-01 -1.2510767524e+00  2.1864854360e+00  7.7240968451e-01 -1.5411321917e-01  1.3600315042e+00 -1.2283543272e-01  4.4465880311e-01  1.4388768990e+00  1.8465725773e-01 -1.5216389131e+00  2.9113250696e+00  2.2262352570e+00 -3.1570691425e+00  2.8609273579e+00  2.8632166337e+00 -3.0525850880e+00  4.0651229258e+00  3.3724503640e+00 -1.8608715881e+00  4.5672293083e+00  4.0019008151e+00 -1.8507169624e+00  5.7997831693e+00  4.1286439603e+00 -3.0145599590e+00  6.5361453266e+00  3.6194520093e+00 -4.2014618595e+00  6.0330027932e+00  2.9896353698e+00 -4.2261055840e+00  4.8052468748e+00  2.5874590828e+00 -5.1406154462e+00  4.3982359414e+00  3.7138856473e+00 -5.1149713296e+00  6.6012414193e+00  4.6208492058e+00 -2.9985249221e+00  7.4966078238e+00  4.3950786790e+00 -9.2070301662e-01  6.1834635060e+00  3.2758800606e+00 -9.4841278932e-01  3.9963876756e+00  3.9607243044e+00 -2.3026826374e+00  1.0945337617e+00  3.6610968295e+00 -3.3824725805e-01 -3.8154810794e-01
ENERGY -3.483435137550e+01

JOB 18
COORDS  1.5212135226e+00  1.0429006743e+00 -1.6441215306e-01  1.7130775588e+00  1.7647610080e-01  4.5055358821e-01  2.8155973242e+00 -6.2232757391e-01  1.9892017750e-01  3.0676463559e+00 -1.7310529237e+00  9.8726981756e-01  2.2020274400e+00 -2.0457182430e+00  2.0261434368e+00  1.0968081660e+00 -1.2441945992e+00  2.2847557258e+00  8.5627803126e-01 -1.3627931924e-01  1.4928553285e+00 -3.9655569503e-03  4.8543697120e-01  1.6918317947e+00  4.3818897600e-01 -1.4984166679e+00  3.1022157439e+00  2.4263777942e+00 -3.1873780117e+00  2.7715581355e+00  2.9413489999e+00 -3.0609525059e+00  4.0310505525e+00  3.3804275844e+00 -1.8571081570e+00  4.5692526940e+00  3.9014634674e+00 -1.8297349059e+00  5.8511236677e+00  3.9910039468e+00 -2.9884524646e+00  6.6010336650e+00  3.5562030816e+00 -4.1882633799e+00  6.0602818459e+00  3.0328685720e+00 -4.2296207246e+00  4.7838618270e+00  2.6896810005e+00 -5.1544458679e+00  4.3472164294e+00  3.6237495821e+00 -5.0983537574e+00  6.6377502891e+00  4.3982522280e+00 -2.9586449728e+00  7.6001772994e+00  4.2409256046e+00 -8.9033719423e-01  6.2622340242e+00  3.3182252262e+00 -9.4924590540e-01  3.9865923690e+00  3.9231719874e+00 -2.3634412260e+00  8.0458375659e-01  3.4870248889e+00 -3.7917803980e-01 -6.1111755566e-01
ENERGY -3.483464229685e+01

JOB 19
COORDS  5.0829989310e-01  6.5187648390e-01  6.7661140737e-03  1.1589829628e+00 -1.6419425574e-02  5.5038747823e-01  2.5228116406e+00  2.1897440379e-01  5.8656901521e-01  3.3592926093e+00 -6.3145064779e-01  1.2872456702e+00  2.8268274861e+00 -1.7329180638e+00  1.9443525737e+00  1.4572929034e+00 -1.9713975402e+00  1.9114344005e+00  6.2994276392e-01 -1.1117007525e+00  1.2131150469e+00 -4.3315962048e-01 -1.2996985295e+00  1.1859764980e+00  1.0552055308e+00 -2.8284492761e+00  2.4320532018e+00  3.6850261841e+00 -2.6005602843e+00  2.5848756586e+00  3.5548326975e+00 -2.7990483926e+00  3.9314952396e+00  2.8161810022e+00 -1.9686687834e+00  4.7665265397e+00  2.7691535575e+00 -2.2302445265e+00  6.1244617206e+00  3.4524915371e+00 -3.3073553575e+00  6.6599899596e+00  4.1951966845e+00 -4.1283097195e+00  5.8265256088e+00  4.2481547027e+00 -3.8807921063e+00  4.4694201684e+00  4.8217712100e+00 -4.5093520826e+00  3.8063308385e+00  4.7347515681e+00 -4.9695133282e+00  6.2357564594e+00  3.4097725338e+00 -3.5047447907e+00  7.7203040563e+00  2.1936033190e+00 -1.5802037407e+00  6.7669785545e+00  2.2881834575e+00 -1.1199578631e+00  4.3562203681e+00  4.4244062192e+00 -4.6186696253e-01  1.3252724154e+00  2.9385749387e+00  1.0734685919e+00  7.3674873190e-02
ENERGY -3.483544396642e+01

JOB 20
COORDS  4.5476025620e-01  5.2610313125e-01 -8.1433676794e-02  1.1387875319e+00 -7.7095708042e-02  4.9615580682e-01  2.5008793178e+00  1.6459625292e-01  4.3631927980e-01  3.3792785426e+00 -6.0166701281e-01  1.1800623753e+00  2.8923429132e+00 -1.6256446709e+00  1.9840033415e+00  1.5250550793e+00 -1.8753732344e+00  2.0407255860e+00  6.5617273003e-01 -1.0984951751e+00  1.2973348023e+00 -4.0459601662e-01 -1.2962460329e+00  1.3425246310e+00  1.1543273335e+00 -2.6778146068e+00  2.6621913285e+00  3.8036292289e+00 -2.4049459267e+00  2.6546923382e+00  3.5997517459e+00 -2.7132526815e+00  3.9725151242e+00  2.8374815665e+00 -1.9318332981e+00  4.8339482639e+00  2.7263112017e+00 -2.2899909573e+00  6.1653590290e+00  3.3709986637e+00 -3.4148776034e+00  6.6494123549e+00  4.1407841629e+00 -4.1842185058e+00  5.7922402943e+00  4.2566487253e+00 -3.8400679172e+00  4.4597489547e+00  4.8530524172e+00 -4.4272755240e+00  3.7790076516e+00  4.6516802154e+00 -5.0606470901e+00  6.1623747254e+00  3.2779949077e+00 -3.6879947890e+00  7.6895288134e+00  2.1329201500e+00 -1.6783254704e+00  6.8289229622e+00  2.3430591884e+00 -1.0453278046e+00  4.4636993721e+00  4.4434534236e+00 -4.2693038119e-01  1.1438702836e+00  2.8828224966e+00  9.5899231215e-01 -1.8747118239e-01
ENERGY -3.483624306628e+01

JOB 21
COORDS  4.1979064706e-01  3.7350292674e-01 -1.9310798068e-01  1.1267976482e+00 -1.5489022650e-01  4.2829889821e-01  2.4848999538e+00  8.5029916985e-02  3.0039670825e-01  3.3909172042e+00 -5.8601884805e-01  1.0990998930e+00  2.9389220423e+00 -1.5091387711e+00  2.0372280141e+00  1.5767091672e+00 -1.7649293310e+00  2.1552575593e+00  6.8008783529e-01 -1.0831071895e+00  1.3530664699e+00 -3.7634779501e-01 -1.2858056026e+00  1.4497147984e+00  1.2266862902e+00 -2.5003916801e+00  2.8651578710e+00  3.8921061415e+00 -2.1877205268e+00  2.7502032309e+00  3.6341700360e+00 -2.6131410664e+00  4.0271788782e+00  2.8597739138e+00 -1.8868716342e+00  4.9260194433e+00  2.6986620247e+00 -2.3481716913e+00  6.2195976581e+00  3.3080282255e+00 -3.5218269411e+00  6.6294164300e+00  4.0926037219e+00 -4.2343080066e+00  5.7378213893e+00  4.2573098517e+00 -3.7863740188e+00  4.4410482472e+00  4.8666750201e+00 -4.3283079956e+00  3.7346357585e+00  4.5768002518e+00 -5.1470056865e+00  6.0518595395e+00  3.1765254970e+00 -3.8760638955e+00  7.6405470240e+00  2.0960408562e+00 -1.7801957413e+00  6.9129654491e+00  2.3963501617e+00 -9.6265656712e-01  4.6122031329e+00  4.4520649034e+00 -4.1212872195e-01  1.0107271862e+00  2.8420221833e+00  8.0218860436e-01 -4.2360313931e-01
ENERGY -3.483655058292e+01

JOB 22
COORDS  4.0835666714e-01  1.9428657072e-01 -3.1674754792e-01  1.1261326104e+00 -2.5134606712e-01  3.5500467312e-01  2.4816227759e+00 -2.2680619160e-02  1.8119311418e-01  3.4006734778e+00 -5.8879356487e-01  1.0419021514e+00  2.9672763872e+00 -1.3884624249e+00  2.0971673319e+00  1.6092483673e+00 -1.6397127273e+00  2.2584318627e+00  6.9887539994e-01 -1.0644154244e+00  1.3896877030e+00 -3.5449658822e-01 -1.2624863308e+00  1.5231273432e+00  1.2675641797e+00 -2.2915119267e+00  3.0491552500e+00  3.9473169337e+00 -1.9535755070e+00  2.8658803092e+00  3.6559894275e+00 -2.4983056677e+00  4.0918909399e+00  2.8783882261e+00 -1.8384648020e+00  5.0383527908e+00  2.6821503566e+00 -2.4078666107e+00  6.2829160717e+00  3.2623980985e+00 -3.6255477745e+00  6.5964344313e+00  4.0514317258e+00 -4.2718475672e+00  5.6599378260e+00  4.2497443836e+00 -3.7144172268e+00  4.4104336485e+00  4.8635039742e+00 -4.2043594752e+00  3.6705584394e+00  4.5131376550e+00 -5.2177907926e+00  5.9009577392e+00  3.1048194088e+00 -4.0653229562e+00  7.5696017430e+00  2.0767570857e+00 -1.8920692184e+00  7.0136434096e+00  2.4410731100e+00 -8.8032426446e-01  4.7975956366e+00  4.4597371965e+00 -4.2343963913e-01  9.1961689635e-01  2.8258949225e+00  6.0012132270e-01 -6.3100930368e-01
ENERGY -3.483611320038e+01

JOB 23
COORDS  4.2302674744e-01 -2.0679259029e-02 -4.4226183477e-01  1.1408626123e+00 -3.7200389441e-01  2.8316969279e-01  2.4954124837e+00 -1.5196279620e-01  8.9489446060e-02  3.4137108462e+00 -6.0051821004e-01  1.0166617129e+00  2.9830945750e+00 -1.2650261552e+00  2.1639482001e+00  1.6271283943e+00 -1.5095098381e+00  2.3467181481e+00  7.1666255204e-01 -1.0556770495e+00  1.4079784916e+00 -3.3535292723e-01 -1.2473982200e+00  1.5604764102e+00  1.2831501090e+00 -2.0629322091e+00  3.2079631551e+00  3.9711490845e+00 -1.6993863571e+00  3.0031612642e+00  3.6650473437e+00 -2.3680316539e+00  4.1665361715e+00  2.8957205813e+00 -1.7841777916e+00  5.1675306985e+00  2.6767433191e+00 -2.4677074546e+00  6.3495266322e+00  3.2266330900e+00 -3.7237340139e+00  6.5438409734e+00  4.0063948180e+00 -4.2954472619e+00  5.5527775686e+00  4.2268350039e+00 -3.6232798966e+00  4.3644831604e+00  4.8331416343e+00 -4.0541685056e+00  3.5826586953e+00  4.4431875539e+00 -5.2715461634e+00  5.7028042951e+00  3.0522820685e+00 -4.2528155817e+00  7.4685585319e+00  2.0776808963e+00 -2.0126407365e+00  7.1244405565e+00  2.4839330100e+00 -7.9674086059e-01  5.0171936963e+00  4.4718854106e+00 -4.4037824447e-01  8.8073221391e-01  2.8392665750e+00  3.6742945967e-01 -7.9265542047e-01
ENERGY -3.483498205766e+01

