JOB 0
COORDS  7.3626468978e-01 -8.9619812846e-01 -9.4020928066e-01  1.3215278167e+00 -9.3590858797e-01 -3.4168286753e-02  2.5044249916e+00 -2.2127066257e-01  6.5271467329e-02  3.2559924821e+00 -2.7461947138e-01  1.2220674576e+00  2.8321124429e+00 -1.0557513149e+00  2.2950429722e+00  1.6325317584e+00 -1.7533065666e+00  2.2062129037e+00  8.8968555754e-01 -1.6927753703e+00  1.0404466354e+00 -3.9762500656e-02 -2.2395750020e+00  9.7898386960e-01  1.2749655525e+00 -2.3282503134e+00  3.0478800622e+00  3.6081455287e+00 -1.0051109737e+00  3.4201800603e+00  3.4732642272e+00 -1.9429086220e+00  4.4135717532e+00  3.4911240720e+00 -1.4915064237e+00  5.7286465776e+00  3.4348242621e+00 -2.3996466473e+00  6.7693151293e+00  3.3591381297e+00 -3.7575165989e+00  6.5084096922e+00  3.3549638561e+00 -4.2063427263e+00  5.1984580098e+00  3.4165692829e+00 -3.3076441165e+00  4.1494409271e+00  3.4313789087e+00 -3.6566762709e+00  3.1270465672e+00  3.3099236541e+00 -5.2648354887e+00  4.9885877689e+00  3.3100033087e+00 -4.4644321617e+00  7.3227394803e+00  3.4464364091e+00 -2.0438607639e+00  7.7887978041e+00  3.5524806377e+00 -4.3042579158e-01  5.9145843286e+00  4.1779170944e+00  2.7751553701e-01  1.3175398372e+00  2.8436836196e+00  3.8271377202e-01 -7.6311327684e-01
ENERGY -3.483611432833e+01

JOB 1
COORDS  8.6769054585e-01 -1.0551963448e+00 -1.0192147347e+00  1.3885440247e+00 -1.0303108467e+00 -7.4110596369e-02  2.5894179349e+00 -3.4978692737e-01  4.1924093269e-02  3.2613089066e+00 -3.2163673714e-01  1.2487330092e+00  2.7305347651e+00 -9.7842803291e-01  2.3549188143e+00  1.5160673229e+00 -1.6475490928e+00  2.2450297696e+00  8.5544555898e-01 -1.6724177424e+00  1.0303390638e+00 -8.7032260879e-02 -2.1939735149e+00  9.5121321583e-01  1.0899726836e+00 -2.1354186457e+00  3.1097853955e+00  3.4132654723e+00 -8.5546936210e-01  3.5362319532e+00  3.3807630190e+00 -1.8605235001e+00  4.4669953312e+00  3.4699675941e+00 -1.4864757882e+00  5.8044621060e+00  3.5100348162e+00 -2.4544671658e+00  6.7894709448e+00  3.4601113722e+00 -3.7971053912e+00  6.4530031248e+00  3.3837900421e+00 -4.1676547297e+00  5.1213685237e+00  3.3479400921e+00 -3.2086305099e+00  4.1258231276e+00  3.3045270566e+00 -3.4997272860e+00  3.0861691449e+00  3.3576350523e+00 -5.2128505146e+00  4.8504891095e+00  3.4863521245e+00 -4.5515008339e+00  7.2245763510e+00  3.5767842188e+00 -2.1579502782e+00  7.8256583964e+00  3.5098969864e+00 -4.3633163293e-01  6.0489163764e+00  4.1965105225e+00  2.0528620375e-01  1.3571286272e+00  3.0080679310e+00  1.5978597979e-01 -8.1317868757e-01
ENERGY -3.483655078431e+01

JOB 2
COORDS  1.0007483531e+00 -1.1803531834e+00 -1.0756654379e+00  1.4548406125e+00 -1.1053048530e+00 -9.9203651939e-02  2.6804893077e+00 -4.7883972323e-01  5.1094680778e-02  3.2687909790e+00 -3.8733223551e-01  1.2990345989e+00  2.6216157462e+00 -9.1817065100e-01  2.4088512069e+00  1.3869973563e+00 -1.5418125256e+00  2.2614894066e+00  8.1133929230e-01 -1.6329139189e+00  1.0079096443e+00 -1.4806517019e-01 -2.1164161602e+00  8.9758090804e-01  8.8599864588e-01 -1.9455611218e+00  3.1295896688e+00  3.2092997255e+00 -7.4681156845e-01  3.6387172355e+00  3.2888724190e+00 -1.7987215219e+00  4.5107020678e+00  3.4486854822e+00 -1.4837024104e+00  5.8575087797e+00  3.5887772967e+00 -2.4923435545e+00  6.7904369110e+00  3.5687359890e+00 -3.8197337570e+00  6.3941558509e+00  3.4191894006e+00 -4.1312266113e+00  5.0540601066e+00  3.2821489080e+00 -3.1300962564e+00  4.1093655511e+00  3.1792158257e+00 -3.3776481939e+00  3.0627237091e+00  3.4133494651e+00 -5.1631111600e+00  4.7350069727e+00  3.6737152149e+00 -4.6067190617e+00  7.1253947317e+00  3.7105332046e+00 -2.2402531605e+00  7.8334168570e+00  3.4633680363e+00 -4.4496445065e-01  6.1484993250e+00  4.2228474180e+00  9.8404600680e-02  1.4335836012e+00  3.1861022733e+00 -6.4701215168e-02 -8.0852026445e-01
ENERGY -3.483624315722e+01

JOB 3
COORDS  1.1320931528e+00 -1.2718708741e+00 -1.1180913757e+00  1.5165461738e+00 -1.1625108846e+00 -1.1522332279e-01  2.7670879920e+00 -6.0564552274e-01  9.1635414700e-02  3.2668440721e+00 -4.6946946162e-01  1.3743913339e+00  2.5016305890e+00 -8.8150484236e-01  2.4576435399e+00  1.2459089401e+00 -1.4427830305e+00  2.2534846727e+00  7.5894578285e-01 -1.5795329647e+00  9.6687005855e-01 -2.1762392118e-01 -2.0129987333e+00  8.0970248461e-01  6.6362633450e-01 -1.7646909338e+00  3.1047367227e+00  2.9927069562e+00 -6.8027102220e-01  3.7294986067e+00  3.1971132901e+00 -1.7570968154e+00  4.5470304030e+00  3.4213688675e+00 -1.4804915118e+00  5.8936852685e+00  3.6695187671e+00 -2.5111605138e+00  6.7779425663e+00  3.6943785828e+00 -3.8238079029e+00  6.3344474017e+00  3.4769976467e+00 -4.0961451452e+00  4.9956191638e+00  3.2303380485e+00 -3.0722801168e+00  4.0980845610e+00  3.0713672894e+00 -3.2910101706e+00  3.0520084077e+00  3.5017972826e+00 -5.1154173846e+00  4.6390639753e+00  3.8851883860e+00 -4.6284175196e+00  7.0281643834e+00  3.8415750302e+00 -2.2885311333e+00  7.8205700021e+00  3.3988709527e+00 -4.5298866907e-01  6.2215785420e+00  4.2396401376e+00 -3.7515800570e-02  1.5526343325e+00  3.3616754284e+00 -2.8219174034e-01 -7.4974468319e-01
ENERGY -3.483544401763e+01

JOB 4
COORDS  1.2505898289e+00 -1.3180191330e+00 -1.1513944187e+00  1.5676118470e+00 -1.1945209718e+00 -1.2674357966e-01  2.8440340524e+00 -7.3733352771e-01  1.5366783423e-01  3.2569252334e+00 -5.8174479229e-01  1.4650306906e+00  2.3792567346e+00 -8.7599490712e-01  2.4997628094e+00  1.0988196999e+00 -1.3391798186e+00  2.2226005054e+00  6.9757984601e-01 -1.4945383785e+00  9.0836439195e-01 -2.9833179359e-01 -1.8520693984e+00  6.9267064676e-01  4.3181844774e-01 -1.5714160702e+00  3.0397910881e+00  2.7763932386e+00 -6.6153802510e-01  3.8058196223e+00  3.1100372270e+00 -1.7387811118e+00  4.5777030087e+00  3.3846911844e+00 -1.4805760282e+00  5.9188568613e+00  3.7440712077e+00 -2.5137355056e+00  6.7605153165e+00  3.8321084776e+00 -3.8108311254e+00  6.2800696104e+00  3.5612588360e+00 -4.0651027145e+00  4.9477661034e+00  3.2015666093e+00 -3.0380152034e+00  4.0926615297e+00  2.9962789179e+00 -3.2423155410e+00  3.0516918126e+00  3.6304989797e+00 -5.0719920896e+00  4.5628905929e+00  4.1116850524e+00 -4.6171966069e+00  6.9408551177e+00  3.9552890169e+00 -2.3055739473e+00  7.7989621760e+00  3.3112089483e+00 -4.6520949194e-01  6.2756710723e+00  4.2489667166e+00 -2.2695959038e-01  1.7000695076e+00  3.5252374728e+00 -5.0568871504e-01 -6.5154983993e-01
ENERGY -3.483464214422e+01

JOB 5
COORDS  1.3545817129e+00 -1.3086345762e+00 -1.1847622588e+00  1.6070193567e+00 -1.1957216000e+00 -1.4110836402e-01  2.9018521078e+00 -8.7028932879e-01  2.2651694022e-01  3.2312726147e+00 -7.2563464495e-01  1.5622057255e+00  2.2550148927e+00 -9.0637374173e-01  2.5332593975e+00  9.5566994251e-01 -1.2334660673e+00  2.1685460814e+00  6.3637501885e-01 -1.3754697042e+00  8.3002992190e-01 -3.7411757894e-01 -1.6288658153e+00  5.4570708280e-01  2.1020590213e-01 -1.3708117747e+00  2.9374641785e+00  2.5623330121e+00 -6.9737281571e-01  3.8655847176e+00  3.0271748057e+00 -1.7496820086e+00  4.6027894233e+00  3.3371146780e+00 -1.4860846037e+00  5.9351496714e+00  3.8104524296e+00 -2.4980756818e+00  6.7454780909e+00  3.9806214450e+00 -3.7783390127e+00  6.2423102364e+00  3.6722689756e+00 -4.0378467908e+00  4.9192608191e+00  3.1964803956e+00 -3.0325010004e+00  4.0955437496e+00  2.9569701115e+00 -3.2412557705e+00  3.0627126833e+00  3.8009918679e+00 -5.0321977777e+00  4.5174518536e+00  4.3511372349e+00 -4.5675639439e+00  6.8786235147e+00  4.0486538619e+00 -2.2861567542e+00  7.7773036056e+00  3.1986749424e+00 -4.8416298820e-01  6.3102157386e+00  4.2365722937e+00 -4.7285757385e-01  1.8645566852e+00  3.6602757584e+00 -7.2896871872e-01 -5.2910703499e-01
ENERGY -3.483435185868e+01

JOB 6
COORDS  1.4384792558e+00 -1.2343592608e+00 -1.2155926134e+00  1.6339138475e+00 -1.1576240345e+00 -1.5655602807e-01  2.9317305710e+00 -9.9325504616e-01  2.9856645635e-01  3.1873814595e+00 -8.9273242447e-01  1.6537695148e+00  2.1355843206e+00 -9.6601414957e-01  2.5593048198e+00  8.3285190052e-01 -1.1244785984e+00  2.1061493808e+00  5.8749527374e-01 -1.2195410712e+00  7.4783120361e-01 -4.2572886800e-01 -1.3443095481e+00  3.9585760415e-01  2.7664402698e-02 -1.1684149109e+00  2.8236491566e+00  2.3599211932e+00 -7.8636367773e-01  3.9100944848e+00  2.9515832877e+00 -1.7920057307e+00  4.6215513505e+00  3.2879419302e+00 -1.5039636741e+00  5.9424453669e+00  3.8727596653e+00 -2.4734800634e+00  6.7317278772e+00  4.1305822187e+00 -3.7345556465e+00  6.2177315182e+00  3.7931003831e+00 -4.0194428833e+00  4.9069936705e+00  3.2043917853e+00 -3.0573522317e+00  4.1051094382e+00  2.9367570991e+00 -3.2879284577e+00  3.0838922647e+00  3.9859154509e+00 -5.0005520079e+00  4.4983949418e+00  4.5899689980e+00 -4.4900945975e+00  6.8367191229e+00  4.1308841944e+00 -2.2428202965e+00  7.7546839640e+00  3.0802265010e+00 -5.1729101252e-01  6.3259807814e+00  4.1946200433e+00 -7.6332959229e-01  2.0219483115e+00  3.7495708683e+00 -9.3842377773e-01 -4.0452012797e-01
ENERGY -3.483478943413e+01

JOB 7
COORDS  1.5331880610e+00 -1.1254383722e+00 -1.2396541538e+00  1.6693674825e+00 -1.0988692908e+00 -1.6903671767e-01  2.9462624143e+00 -1.0877238700e+00  3.6762274206e-01  3.1278914059e+00 -1.0515851552e+00  1.7375688922e+00  2.0202643111e+00 -1.0403552156e+00  2.5785544331e+00  7.3857392221e-01 -1.0400959362e+00  2.0428898072e+00  5.6884290367e-01 -1.0699162747e+00  6.7050188208e-01 -4.2840206704e-01 -1.0728155414e+00  2.5629617575e-01 -1.0864239221e-01 -1.0135333053e+00  2.7107808383e+00  2.1594895217e+00 -9.1732937401e-01  3.9427069480e+00  2.8742565471e+00 -1.8559513267e+00  4.6341426945e+00  3.2461174684e+00 -1.5207417668e+00  5.9339693137e+00  3.9377742805e+00 -2.4297585801e+00  6.7092901987e+00  4.2680583751e+00 -3.6758479765e+00  6.2009314166e+00  3.8921703334e+00 -4.0092460389e+00  4.9119118974e+00  3.1957340066e+00 -3.1090433539e+00  4.1252123677e+00  2.8949116266e+00 -3.3791339744e+00  3.1231517119e+00  4.1379620358e+00 -4.9811598288e+00  4.5099126985e+00  4.8120995418e+00 -4.3834599233e+00  6.8078325803e+00  4.2236265750e+00 -2.1625556377e+00  7.7158093868e+00  2.9803071140e+00 -5.4656665025e-01  6.3137255076e+00  4.1200686068e+00 -1.0376545384e+00  2.1652321931e+00  3.8076737075e+00 -1.0995507626e+00 -2.8362035438e-01
ENERGY -3.483567040846e+01

JOB 8
COORDS  1.6265981122e+00 -9.9419330411e-01 -1.2505825639e+00  1.7095661667e+00 -1.0258585714e+00 -1.7472302223e-01  2.9511869157e+00 -1.1589594862e+00  4.2387420376e-01  3.0648377037e+00 -1.2001333682e+00  1.8011748697e+00  1.9216448107e+00 -1.1192103803e+00  2.5896885389e+00  6.7517259596e-01 -9.7252774322e-01  1.9910930651e+00  5.7510664057e-01 -9.2657789916e-01  6.1309301937e-01 -3.9535666477e-01 -8.1572650637e-01  1.5273243549e-01 -1.9879830849e-01 -8.9344518957e-01  2.6189054480e+00  1.9774258476e+00 -1.0773924225e+00  3.9604629885e+00  2.8004852417e+00 -1.9337958148e+00  4.6409075466e+00  3.2096710239e+00 -1.5344857226e+00  5.9103359287e+00  3.9957261325e+00 -2.3723759147e+00  6.6769907617e+00  4.3824571620e+00 -3.6098372594e+00  6.1888321615e+00  3.9665008531e+00 -4.0098341716e+00  4.9308346091e+00  3.1756016948e+00 -3.1817356563e+00  4.1550951652e+00  2.8409249278e+00 -3.5032647709e+00  3.1793643468e+00  4.2539405508e+00 -4.9777655504e+00  4.5473074690e+00  5.0007626698e+00 -4.2610236700e+00  6.7877709769e+00  4.3110739194e+00 -2.0553080858e+00  7.6599291570e+00  2.8983532120e+00 -5.6824814564e-01  6.2756336602e+00  4.0333848790e+00 -1.2926315511e+00  2.2712524407e+00  3.8413296950e+00 -1.2240015095e+00 -1.8424074645e-01
ENERGY -3.483639369091e+01

JOB 9
COORDS  1.7053834583e+00 -8.3014437577e-01 -1.2437844605e+00  1.7422616775e+00 -9.3182618545e-01 -1.6984696931e-01  2.9444168989e+00 -1.2002729671e+00  4.6141481135e-01  3.0023321224e+00 -1.3349622503e+00  1.8367553120e+00  1.8416035873e+00 -1.2050744094e+00  2.5918087861e+00  6.3424124000e-01 -9.2359733192e-01  1.9583126599e+00  5.8943750031e-01 -7.8722682062e-01  5.8454916813e-01 -3.5135767619e-01 -5.7073476691e-01  1.0059171806e-01 -2.5354335567e-01 -8.1304755477e-01  2.5612237730e+00  1.8198173665e+00 -1.2691548280e+00  3.9594249240e+00  2.7350959607e+00 -2.0303557078e+00  4.6392965005e+00  3.1673540867e+00 -1.5539035862e+00  5.8730404012e+00  4.0355880401e+00 -2.3089652189e+00  6.6382308182e+00  4.4800849072e+00 -3.5389756587e+00  6.1824416540e+00  4.0394511197e+00 -4.0180340429e+00  4.9605740418e+00  3.1666214778e+00 -3.2736032420e+00  4.1884957423e+00  2.8100278558e+00 -3.6552768836e+00  3.2427269880e+00  4.3713037349e+00 -4.9822996898e+00  4.6047739961e+00  5.1624329966e+00 -4.1246950046e+00  6.7795035858e+00  4.3694416222e+00 -1.9325659483e+00  7.5937160217e+00  2.8097207261e+00 -5.9476937329e-01  6.2140092588e+00  3.9458435425e+00 -1.5268924960e+00  2.3268266200e+00  3.8500368921e+00 -1.3019543514e+00 -1.1835289188e-01
ENERGY -3.483651168795e+01

JOB 10
COORDS  1.7687521083e+00 -6.4194756492e-01 -1.2160106665e+00  1.7694846180e+00 -8.2376718344e-01 -1.5209427156e-01  2.9314762402e+00 -1.2208256268e+00  4.8506733609e-01  2.9434622283e+00 -1.4617066834e+00  1.8476708206e+00  1.7763176303e+00 -1.3006170079e+00  2.5858450685e+00  6.0734165911e-01 -8.9388148182e-01  1.9457843842e+00  6.0893569093e-01 -6.5573353150e-01  5.8605272439e-01 -3.0210616565e-01 -3.4087172040e-01  9.9212787881e-02 -2.8727025821e-01 -7.6867027664e-01  2.5355623231e+00  1.6871554944e+00 -1.4872276227e+00  3.9376218181e+00  2.6775633597e+00 -2.1426894234e+00  4.6278168882e+00  3.1179310736e+00 -1.5757232683e+00  5.8182238328e+00  4.0572878911e+00 -2.2352863577e+00  6.5891097110e+00  4.5628758295e+00 -3.4576672801e+00  6.1800060067e+00  4.1135536018e+00 -4.0275222498e+00  5.0004809041e+00  3.1702525623e+00 -3.3796953254e+00  4.2244476692e+00  2.8048994824e+00 -3.8297759810e+00  3.3127486971e+00  4.4942537323e+00 -4.9871406886e+00  4.6831893623e+00  5.3000099340e+00 -3.9683721282e+00  6.7809604423e+00  4.3979465736e+00 -1.7896014866e+00  7.5118164813e+00  2.7125399619e+00 -6.2363979077e-01  6.1239486070e+00  3.8613128209e+00 -1.7508818376e+00  2.3382220748e+00  3.8436197130e+00 -1.3450881767e+00 -7.9950542198e-02
ENERGY -3.483594307373e+01

JOB 11
COORDS  1.8440754351e+00 -4.3696336840e-01 -1.1629457520e+00  1.8085954981e+00 -7.0469884921e-01 -1.1800501864e-01  2.9267174946e+00 -1.2322983198e+00  5.0147189963e-01  2.8933779535e+00 -1.5853921248e+00  1.8395832196e+00  1.7272360739e+00 -1.3988323245e+00  2.5721463387e+00  6.0064241162e-01 -8.6564142116e-01  1.9477100109e+00  6.4541724751e-01 -5.1961125259e-01  6.1280795063e-01 -2.3243447008e-01 -1.0529454192e-01  1.3944772984e-01 -2.9637366560e-01 -7.3174135955e-01  2.5317916710e+00  1.5788167273e+00 -1.7170563277e+00  3.8935686232e+00  2.6223652924e+00 -2.2649959451e+00  4.6063601391e+00  3.0739151406e+00 -1.5915138906e+00  5.7344420664e+00  4.0673705744e+00 -2.1504329155e+00  6.5176811210e+00  4.6147484949e+00 -3.3764932841e+00  6.1796291267e+00  4.1572637982e+00 -4.0521766191e+00  5.0607706140e+00  3.1602612358e+00 -3.5039204884e+00  4.2747550500e+00  2.7868710465e+00 -4.0323707999e+00  3.4096995553e+00  4.5739042975e+00 -5.0137902852e+00  4.7996089958e+00  5.3933376847e+00 -3.8082138558e+00  6.7902320152e+00  4.4169780671e+00 -1.6238724461e+00  7.3932497814e+00  2.6356358391e+00 -6.3763673844e-01  5.9846229678e+00  3.7793553564e+00 -1.9794135939e+00  2.3151309522e+00  3.8395182482e+00 -1.3759719421e+00 -5.8026598357e-02
ENERGY -3.483485078260e+01

JOB 12
COORDS  1.8778773147e+00  5.1106635226e-01 -7.3186215146e-01  1.8314569227e+00 -1.0463261826e-01  1.5343048620e-01  2.9960593158e+00 -5.3001308464e-01  7.6709051408e-01  2.9491932857e+00 -1.3154756942e+00  1.9054003005e+00  1.7184718517e+00 -1.6837857826e+00  2.4369592029e+00  5.4485776479e-01 -1.2617944735e+00  1.8155479906e+00  6.0572012250e-01 -4.7946103324e-01  6.7991122078e-01 -3.0918762352e-01 -1.5721980286e-01  2.0529898536e-01 -4.0062285431e-01 -1.5623268992e+00  2.2393716231e+00  1.5616729808e+00 -2.4767683366e+00  3.5400057949e+00  2.6132823415e+00 -2.7248564290e+00  4.3880949745e+00  3.4036855404e+00 -1.7058612858e+00  4.9099602105e+00  4.4003379259e+00 -2.0097284777e+00  5.8189177779e+00  4.6096421352e+00 -3.3186833085e+00  6.2194921105e+00  3.8093058037e+00 -4.3287800131e+00  5.7129999819e+00  2.8134370262e+00 -4.0377453587e+00  4.7992709960e+00  2.1797861517e+00 -4.8127675677e+00  4.3965863934e+00  3.9625521684e+00 -5.3503509014e+00  6.0275802928e+00  5.3899259472e+00 -3.5491558818e+00  6.9289762500e+00  5.0125223443e+00 -1.2158827289e+00  6.2207719646e+00  3.2265631918e+00 -6.8339227957e-01  4.6092150770e+00  3.8646659804e+00 -1.6594402821e+00  2.3639901287e+00  3.9563901443e+00 -2.5127680656e-01  3.5872233474e-01
ENERGY -3.483594339120e+01

JOB 13
COORDS  1.8507745006e+00  6.6793029177e-01 -6.1585314598e-01  1.8215444739e+00 -1.4861293421e-02  2.1959139777e-01  2.9968195852e+00 -5.3987853753e-01  7.2836283602e-01  2.9709523520e+00 -1.4135769873e+00  1.8002695916e+00  1.7541408273e+00 -1.7636712670e+00  2.3757196954e+00  5.7107270166e-01 -1.2448358813e+00  1.8566832730e+00  6.0886508769e-01 -3.7628324944e-01  7.8332112948e-01 -3.1321230647e-01  2.3190104931e-02  3.8786921887e-01 -3.6444977494e-01 -1.5378701980e+00  2.3070297299e+00  1.6350555608e+00 -2.6624144257e+00  3.4018354761e+00  2.6442607430e+00 -2.8193008544e+00  4.3161457515e+00  3.3927740229e+00 -1.7529885679e+00  4.8037516017e+00  4.3490273305e+00 -1.9766844842e+00  5.7772461532e+00  4.5607556035e+00 -3.2508086256e+00  6.2756863156e+00  3.8017848231e+00 -4.3079999973e+00  5.8017427815e+00  2.8467116698e+00 -4.0982556000e+00  4.8254517298e+00  2.2452819422e+00 -4.9099613145e+00  4.4465490597e+00  3.9562737884e+00 -5.3031635760e+00  6.1914467075e+00  5.3099837257e+00 -3.4178775081e+00  7.0345778645e+00  4.9278161013e+00 -1.1453158004e+00  6.1518403825e+00  3.2164753968e+00 -7.5561746488e-01  4.4274623078e+00  3.8893154386e+00 -1.8350588783e+00  2.1825612215e+00  3.9455721881e+00 -2.7302857931e-01  2.8644138070e-01
ENERGY -3.483651150219e+01

JOB 14
COORDS  1.8165853510e+00  8.0111818585e-01 -4.9971456482e-01  1.8138345123e+00  5.9094914186e-02  2.8432181237e-01  2.9972295219e+00 -5.4649144219e-01  6.7232782217e-01  3.0018073244e+00 -1.4977409143e+00  1.6755325047e+00  1.8099861188e+00 -1.8390662339e+00  2.3067566338e+00  6.1880405019e-01 -1.2416270342e+00  1.9100676318e+00  6.2627993682e-01 -2.9616564552e-01  9.0152355926e-01 -3.0077331431e-01  1.6758863033e-01  5.9898212051e-01 -2.9839583881e-01 -1.5317725442e+00  2.3987532008e+00  1.7398362586e+00 -2.8297724264e+00  3.2543494963e+00  2.6832574255e+00 -2.9007896936e+00  4.2439412746e+00  3.3799333566e+00 -1.7941088122e+00  4.7172235170e+00  4.2771797751e+00 -1.9441894317e+00  5.7590440361e+00  4.4831850680e+00 -3.1839322614e+00  6.3389392951e+00  3.7773616662e+00 -4.2821138233e+00  5.8755105303e+00  2.8816713911e+00 -4.1465368966e+00  4.8328004687e+00  2.3227859517e+00 -4.9910350987e+00  4.4607765096e+00  3.9276239894e+00 -5.2519623211e+00  6.3259987935e+00  5.1861526791e+00 -3.2927907468e+00  7.1507800755e+00  4.8148132553e+00 -1.0805682141e+00  6.1218913670e+00  3.2115837540e+00 -8.2203186174e-01  4.2765545544e+00  3.9217852292e+00 -1.9801284335e+00  1.9731006567e+00  3.9250683196e+00 -2.8331058876e-01  1.8627116378e-01
ENERGY -3.483639384851e+01

JOB 15
COORDS  1.7587857928e+00  9.0890462066e-01 -3.8882190493e-01  1.7944631525e+00  1.1721289886e-01  3.4429526879e-01  2.9827321011e+00 -5.5253033855e-01  5.8536850488e-01  3.0343932837e+00 -1.5684724202e+00  1.5214205657e+00  1.8884535153e+00 -1.9080918887e+00  2.2326321031e+00  6.9287324712e-01 -1.2457049493e+00  1.9852519760e+00  6.5159342119e-01 -2.3499643859e-01  1.0417767164e+00 -2.7813516228e-01  2.8081641034e-01  8.5317518697e-01 -1.9005321683e-01 -1.5345640913e+00  2.5344439352e+00  1.8801383764e+00 -2.9698758020e+00  3.1093723340e+00  2.7358454885e+00 -2.9680113512e+00  4.1762135260e+00  3.3823438676e+00 -1.8294773796e+00  4.6436015042e+00  4.2033887881e+00 -1.9154880484e+00  5.7539149817e+00  4.3842631328e+00 -3.1222471884e+00  6.4060357882e+00  3.7310474123e+00 -4.2535664701e+00  5.9439833543e+00  2.9116643368e+00 -4.1824418895e+00  4.8350477466e+00  2.3952305198e+00 -5.0531738970e+00  4.4623280497e+00  3.8630693570e+00 -5.1990767407e+00  6.4487421091e+00  5.0272397912e+00 -3.1808835219e+00  7.2710234241e+00  4.7018683921e+00 -1.0265129552e+00  6.1115045854e+00  3.2364623460e+00 -8.8202375135e-01  4.1450301153e+00  3.9555328941e+00 -2.0997350422e+00  1.7130613337e+00  3.8743949444e+00 -2.8839245946e-01  3.6331255162e-02
ENERGY -3.483567037365e+01

JOB 16
COORDS  1.6928719347e+00  9.8801433225e-01 -2.8706630696e-01  1.7741265257e+00  1.5681278569e-01  3.9716417841e-01  2.9518508136e+00 -5.6846244813e-01  4.7083198991e-01  3.0603278498e+00 -1.6347671873e+00  1.3445090371e+00  1.9833477638e+00 -1.9713098039e+00  2.1559581389e+00  7.9945345716e-01 -1.2500667937e+00  2.0804081818e+00  6.9989213541e-01 -1.8761009936e-01  1.1997109168e+00 -2.2071126220e-01  3.7387824453e-01  1.1424172124e+00 -2.9972467149e-02 -1.5324413057e+00  2.7108193786e+00  2.0440118635e+00 -3.0811776439e+00  2.9758394838e+00  2.7958392851e+00 -3.0200391179e+00  4.1155049004e+00  3.3795493788e+00 -1.8525282433e+00  4.5930188873e+00  4.1103253167e+00 -1.8832396208e+00  5.7678457284e+00  4.2639205017e+00 -3.0635406945e+00  6.4725296067e+00  3.6766190210e+00 -4.2251226022e+00  5.9964612809e+00  2.9468913916e+00 -4.2093351700e+00  4.8249526664e+00  2.4831334114e+00 -5.1040448129e+00  4.4400592891e+00  3.7895292929e+00 -5.1510077854e+00  6.5407571317e+00  4.8357112212e+00 -3.0792048066e+00  7.3878779654e+00  4.5604856105e+00 -9.7170498632e-01  6.1327478815e+00  3.2579275331e+00 -9.2610655234e-01  4.0502164330e+00  3.9727742732e+00 -2.2090247679e+00  1.4112085843e+00  3.7896909300e+00 -3.0630361410e-01 -1.5804010636e-01
ENERGY -3.483478947016e+01

JOB 17
COORDS  1.6202787240e+00  1.0334114951e+00 -2.0585350060e-01  1.7507579859e+00  1.7611819930e-01  4.3730312606e-01  2.8974795313e+00 -5.9385793298e-01  3.3797415315e-01  3.0719571742e+00 -1.6929028234e+00  1.1595831226e+00  2.0886622735e+00 -2.0212757026e+00  2.0836883980e+00  9.3777391285e-01 -1.2510745388e+00  2.1864815853e+00  7.7241308352e-01 -1.5410249539e-01  1.3600389931e+00 -1.2283575731e-01  4.4466385774e-01  1.4388851210e+00  1.8465743086e-01 -1.5216490284e+00  2.9113131199e+00  2.2262447037e+00 -3.1570674406e+00  2.8609102085e+00  2.8632173666e+00 -3.0525933989e+00  4.0651112328e+00  3.3724405131e+00 -1.8608823148e+00  4.5672340115e+00  4.0018827122e+00 -1.8507371481e+00  5.7997921644e+00  4.1286278586e+00 -3.0145875616e+00  6.5361422614e+00  3.6194464645e+00 -4.2014870733e+00  6.0329833684e+00  2.9896381551e+00 -4.2261213572e+00  4.8052229823e+00  2.5874701096e+00 -5.1406291784e+00  4.3981993211e+00  3.7138818818e+00 -5.1150021505e+00  6.6012126842e+00  4.6208265790e+00 -2.9985601157e+00  7.4966082264e+00  4.3950524014e+00 -9.2072502162e-01  6.1834853129e+00  3.2758684766e+00 -9.4841793499e-01  3.9964015953e+00  3.9607412568e+00 -2.3026518453e+00  1.0945382319e+00  3.6611129441e+00 -3.3820118343e-01 -3.8152326020e-01
ENERGY -3.483435137517e+01

JOB 18
COORDS  1.5212198487e+00  1.0429323594e+00 -1.6438747602e-01  1.7130847797e+00  1.7650208355e-01  4.5056995959e-01  2.8156107808e+00 -6.2229258322e-01  1.9893530480e-01  3.0676606267e+00 -1.7310250994e+00  9.8727461725e-01  2.2020365849e+00 -2.0457067963e+00  2.0261390308e+00  1.0968109662e+00 -1.2441922922e+00  2.2847524358e+00  8.5627999028e-01 -1.3626975013e-01  1.4928624411e+00 -3.9684984025e-03  4.8543945271e-01  1.6918398381e+00  4.3818753937e-01 -1.4984270899e+00  3.1022050812e+00  2.4263881440e+00 -3.1873736268e+00  2.7715425380e+00  2.9413502792e+00 -3.0609593728e+00  4.0310397898e+00  3.3804184229e+00 -1.8571186163e+00  4.5692584668e+00  3.9014456155e+00 -1.8297568888e+00  5.8511332254e+00  3.9909877065e+00 -2.9884824028e+00  6.6010307392e+00  3.5561972603e+00 -4.1882896798e+00  6.0602624673e+00  3.0328714842e+00 -4.2296355624e+00  4.7838384940e+00  2.6896920802e+00 -5.1544577181e+00  4.3471803574e+00  3.6237450999e+00 -5.0983862024e+00  6.6377210703e+00  4.3982291603e+00 -2.9586838759e+00  7.6001774245e+00  4.2408996429e+00 -8.9036188418e-01  6.2622564645e+00  3.3182147477e+00 -9.4925012151e-01  3.9866080168e+00  3.9231910212e+00 -2.3634066085e+00  8.0458736803e-01  3.4870424987e+00 -3.7913041797e-01 -6.1109519522e-01
ENERGY -3.483464229685e+01

JOB 19
COORDS  5.0829920161e-01  6.5187511479e-01  6.7655197893e-03  1.1589825593e+00 -1.6420366971e-02  5.5038706574e-01  2.5228110590e+00  2.1897442014e-01  5.8656908766e-01  3.3592923993e+00 -6.3145007449e-01  1.2872459733e+00  2.8268277989e+00 -1.7329178997e+00  1.9443526160e+00  1.4572933990e+00 -1.9713983649e+00  1.9114339761e+00  6.2994290807e-01 -1.1117021082e+00  1.2131143865e+00 -4.3315933440e-01 -1.2997006293e+00  1.1859754584e+00  1.0552064545e+00 -2.8284504176e+00  2.4320525890e+00  3.6850268872e+00 -2.6005595516e+00  2.5848759434e+00  3.5548330727e+00 -2.7990478341e+00  3.9314954670e+00  2.8161805015e+00 -1.9686688009e+00  4.7665265649e+00  2.7691527734e+00 -2.2302446656e+00  6.1244617126e+00  3.4524913288e+00 -3.3073550472e+00  6.6599901211e+00  4.1951973446e+00 -4.1283088303e+00  5.8265259742e+00  4.2481556559e+00 -3.8807910914e+00  4.4694205681e+00  4.8217728368e+00 -4.5093506198e+00  3.8063313965e+00  4.7347526819e+00 -4.9695120838e+00  6.2357569567e+00  3.4097720982e+00 -3.5047445780e+00  7.7203041905e+00  2.1936018529e+00 -1.5802043280e+00  6.7669783890e+00  2.2881824982e+00 -1.1199582277e+00  4.3562202654e+00  4.4244058781e+00 -4.6186564297e-01  1.3252730976e+00  2.9385739264e+00  1.0734689336e+00  7.3675139928e-02
ENERGY -3.483544396642e+01

JOB 20
COORDS  4.5475968075e-01  5.2610174891e-01 -8.1434322614e-02  1.1387871767e+00 -7.7096645993e-02  4.9615536362e-01  2.5008788129e+00  1.6459628078e-01  4.3631932922e-01  3.3792783103e+00 -6.0166641800e-01  1.1800626886e+00  2.8923431490e+00 -1.6256444754e+00  1.9840034286e+00  1.5250554666e+00 -1.8753739855e+00  2.0407251548e+00  6.5617281136e-01 -1.0984965042e+00  1.2973341233e+00 -4.0459581113e-01 -1.2962481193e+00  1.3425235700e+00  1.1543280678e+00 -2.6778156594e+00  2.6621907128e+00  3.8036297811e+00 -2.4049451341e+00  2.6546926936e+00  3.5997520622e+00 -2.7132521172e+00  3.9725153894e+00  2.8374810316e+00 -1.9318333185e+00  4.8339483064e+00  2.7263104572e+00 -2.2899911343e+00  6.1653590118e+00  3.3709985435e+00 -3.4148773539e+00  6.6494124968e+00  4.1407848838e+00 -4.1842176638e+00  5.7922406596e+00  4.2566496692e+00 -3.8400669188e+00  4.4597493801e+00  4.8530540125e+00 -4.4272740653e+00  3.7790082503e+00  4.6516814254e+00 -5.0606459088e+00  6.1623752189e+00  3.2779946178e+00 -3.6879946652e+00  7.6895289070e+00  2.1329187436e+00 -1.6783261043e+00  6.8289227740e+00  2.3430581582e+00 -1.0453281512e+00  4.4636992943e+00  4.4434530788e+00 -4.2692902913e-01  1.1438709772e+00  2.8828216527e+00  9.5899264863e-01 -1.8747094834e-01
ENERGY -3.483624306628e+01

JOB 21
COORDS  4.1979022508e-01  3.7350149008e-01 -1.9310866346e-01  1.1267973851e+00 -1.5489119426e-01  4.2829843421e-01  2.4848995675e+00  8.5029913765e-02  3.0039674385e-01  3.3909170311e+00 -5.8601823670e-01  1.0991002017e+00  2.9389221605e+00 -1.5091385259e+00  2.0372281053e+00  1.5767094292e+00 -1.7649300739e+00  2.1552571737e+00  6.8008790446e-01 -1.0831085229e+00  1.3530657983e+00 -3.7634761612e-01 -1.2858076892e+00  1.4497137404e+00  1.2266868252e+00 -2.5003927113e+00  2.8651573231e+00  3.8921064879e+00 -2.1877196353e+00  2.7502036265e+00  3.6341702363e+00 -2.6131404294e+00  4.0271791599e+00  2.8597733099e+00 -1.8868716201e+00  4.9260195355e+00  2.6986613108e+00 -2.3481718968e+00  6.2195976600e+00  3.3080281875e+00 -3.5218267532e+00  6.6294165503e+00  4.0926044766e+00 -4.2343071867e+00  5.7378217016e+00  4.2573107282e+00 -3.7863729794e+00  4.4410486508e+00  4.8666765110e+00 -4.3283064749e+00  3.7346363229e+00  4.5768015406e+00 -5.1470045540e+00  6.0518599358e+00  3.1765253699e+00 -3.8760638848e+00  7.6405470712e+00  2.0960395144e+00 -1.7801964208e+00  6.9129652931e+00  2.3963490188e+00 -9.6265684822e-01  4.6122031536e+00  4.4520646396e+00 -4.1212735230e-01  1.0107278823e+00  2.8420215383e+00  8.0218889234e-01 -4.2360294132e-01
ENERGY -3.483655058290e+01

JOB 22
COORDS  4.0835645539e-01  1.9428541066e-01 -3.1674828728e-01  1.1261324419e+00 -2.5134681578e-01  3.5500416132e-01  2.4816225356e+00 -2.2680616647e-02  1.8119309593e-01  3.4006733087e+00 -5.8879304712e-01  1.0419024081e+00  2.9672763652e+00 -1.3884621736e+00  2.0971674304e+00  1.6092484045e+00 -1.6397132600e+00  2.2584313966e+00  6.9887534350e-01 -1.0644164840e+00  1.3896869943e+00 -3.5449657300e-01 -1.2624880250e+00  1.5231262671e+00  1.2675643549e+00 -2.2915127635e+00  3.0491545886e+00  3.9473169631e+00 -1.9535748101e+00  2.8658806801e+00  3.6559894408e+00 -2.4983051904e+00  4.0918912077e+00  2.8783873375e+00 -1.8384650147e+00  5.0383528387e+00  2.6821495749e+00 -2.4078670038e+00  6.2829160338e+00  3.2623982695e+00 -3.6255476613e+00  6.5964346705e+00  4.0514327734e+00 -4.2718466987e+00  5.6599383098e+00  4.2497453591e+00 -3.7144161889e+00  4.4104341723e+00  4.8635056894e+00 -4.2043579225e+00  3.6705592364e+00  4.5131394652e+00 -5.2177895217e+00  5.9009583358e+00  3.1048196369e+00 -4.0653229517e+00  7.5696019449e+00  2.0767556281e+00 -1.8920701317e+00  7.0136431773e+00  2.4410714394e+00 -8.8032487577e-01  4.7975955088e+00  4.4597369680e+00 -4.2343851007e-01  9.1961745971e-01  2.8258945998e+00  6.0012156260e-01 -6.3100917160e-01
ENERGY -3.483611320038e+01

JOB 23
COORDS  4.2302669166e-01 -2.0680671292e-02 -4.4226250961e-01  1.1408625526e+00 -3.7200483730e-01  2.8316924907e-01  2.4954123354e+00 -1.5196274928e-01  8.9489503473e-02  3.4137107150e+00 -6.0051755301e-01  1.0166620487e+00  2.9830945105e+00 -1.2650258880e+00  2.1639483337e+00  1.6271284401e+00 -1.5095105632e+00  2.3467177804e+00  7.1666258289e-01 -1.0556783770e+00  1.4079778477e+00 -3.3535281075e-01 -1.2474003225e+00  1.5604753862e+00  1.2831502576e+00 -2.0629332410e+00  3.2079626308e+00  3.9711490327e+00 -1.6993854405e+00  3.0031617190e+00  3.6650473497e+00 -2.3680310396e+00  4.1665364689e+00  2.8957198112e+00 -1.7841778137e+00  5.1675307737e+00  2.6767425825e+00 -2.4677076783e+00  6.3495265968e+00  3.2266331858e+00 -3.7237338571e+00  6.5438410322e+00  4.0063956747e+00 -4.2954464634e+00  5.5527778548e+00  4.2268358369e+00 -3.6232788941e+00  4.3644835570e+00  4.8331430580e+00 -4.0541670272e+00  3.5826592863e+00  4.4431890463e+00 -5.2715450645e+00  5.7028046768e+00  3.0522822159e+00 -4.2528156224e+00  7.4685584875e+00  2.0776795546e+00 -2.0126414326e+00  7.1244403322e+00  2.4839315911e+00 -7.9674116807e-01  5.0171936812e+00  4.4718852109e+00 -4.4037680852e-01  8.8073292887e-01  2.8392663563e+00  3.6742981850e-01 -7.9265520613e-01
ENERGY -3.483498205767e+01

