JOB 0
COORDS  1.8140975175e+00 -1.0716995526e+00 -1.2188877654e+00  1.8388589578e+00 -1.0664750354e+00 -1.3980187095e-01  2.9013348347e+00 -1.6357407311e+00  5.3567506835e-01  2.9466845786e+00 -1.6366680968e+00  1.9206346315e+00  1.9069858859e+00 -1.0622069043e+00  2.6426808035e+00  8.3747306007e-01 -4.8123069558e-01  1.9593615191e+00  8.0676803774e-01 -4.8495443914e-01  5.8095204016e-01 -2.7228234943e-02 -3.3459529664e-02  6.4283815316e-02  4.3930929535e-02 -3.4075827515e-02  2.5372329533e+00  1.8430529355e+00 -1.0000356242e+00  4.0032700199e+00  2.7979941595e+00 -1.7051057867e+00  4.7580379840e+00  2.4068244266e+00 -1.7407382848e+00  5.7740742404e+00  3.7691725774e+00 -1.1995781297e+00  4.7524295359e+00  2.9203132060e+00 -2.7308012296e+00  4.3955554884e+00  3.7956229755e+00 -2.0774932754e+00  2.4200376845e+00  3.7138350631e+00 -2.0857572762e+00 -1.6086004268e-02
ENERGY -2.311273198336e+01

JOB 1
COORDS  1.7629471619e+00 -1.1393917685e+00 -1.2191314908e+00  1.8129713174e+00 -1.1023227379e+00 -1.4158839826e-01  2.8926281938e+00 -1.6511984811e+00  5.2364582993e-01  2.9691407606e+00 -1.6103649202e+00  1.9064135801e+00  1.9450724414e+00 -1.0203728890e+00  2.6388256252e+00  8.6196469678e-01 -4.5595302076e-01  1.9632657320e+00  7.9939155596e-01 -4.9786393387e-01  5.8639729830e-01 -4.6004483132e-02 -5.9590168978e-02  7.6863022831e-02  8.2777823470e-02  9.5811638125e-03  2.5460675281e+00  1.9174103776e+00 -9.1323080511e-01  3.9977065426e+00  2.7889460718e+00 -1.7066847454e+00  4.7686839972e+00  2.2799805339e+00 -1.8876734569e+00  5.7158093126e+00  3.7404123505e+00 -1.1956394765e+00  4.9461879633e+00  2.9790766995e+00 -2.6742249822e+00  4.2964882717e+00  3.8351562097e+00 -2.0269241793e+00  2.3977981530e+00  3.6938491993e+00 -2.1141660170e+00 -3.3982824338e-02
ENERGY -2.311151236596e+01

JOB 2
COORDS  1.7144770190e+00 -1.1825500385e+00 -1.2208894918e+00  1.7885949081e+00 -1.1272689941e+00 -1.4548716945e-01  2.8779449051e+00 -1.6720214271e+00  5.0773931012e-01  2.9840623030e+00 -1.6067608059e+00  1.8873125342e+00  1.9790726700e+00 -9.9809461806e-01  2.6311743824e+00  8.8731032793e-01 -4.3610469317e-01  1.9676254114e+00  7.9634281604e-01 -5.0130668006e-01  5.9300004036e-01 -5.6030565307e-02 -6.4885355003e-02  9.3676930606e-02  1.2427026847e-01  4.6993227083e-02  2.5575445693e+00  1.9826830045e+00 -8.5590772310e-01  3.9870774862e+00  2.7823110574e+00 -1.7009454056e+00  4.7838525392e+00  2.1642827528e+00 -2.0269171695e+00  5.6229751006e+00  3.6587555905e+00 -1.1616135842e+00  5.1530460945e+00  3.1065056135e+00 -2.5917885172e+00  4.2426086470e+00  3.8603060396e+00 -2.0173676523e+00  2.3661776730e+00  3.6648321998e+00 -2.1494809821e+00 -5.7983914086e-02
ENERGY -2.310999031171e+01

JOB 3
COORDS  1.8094781421e+00 -9.7818491140e-01 -1.2325065940e+00  1.8221982386e+00 -1.0414163128e+00 -1.5510324442e-01  2.7759479796e+00 -1.8076680591e+00  4.8780546981e-01  2.8026568080e+00 -1.8968538787e+00  1.8696727367e+00  1.8688928809e+00 -1.1998360273e+00  2.6292252052e+00  8.9880417487e-01 -4.3854882736e-01  1.9745788634e+00  8.7713244168e-01 -3.6228361621e-01  5.9771117843e-01  1.2129500065e-01  2.3400272731e-01  1.0833905527e-01  1.7033812997e-01  8.3580495321e-02  2.5749219479e+00  1.7700342027e+00 -1.2267645887e+00  3.9891222264e+00  2.8765514617e+00 -1.5742421425e+00  4.7929421280e+00  2.6240354252e+00 -2.4571858063e+00  5.3854800590e+00  3.0616676902e+00 -7.4227856123e-01  5.4801757413e+00  3.7824809688e+00 -1.7576099094e+00  4.2191517792e+00  3.5451354376e+00 -2.5269870088e+00  2.3359517549e+00  3.5090719280e+00 -2.3537439916e+00 -8.8018163392e-02
ENERGY -2.310888434049e+01

JOB 4
COORDS  1.8072595231e+00 -1.0229428532e+00 -1.2246779123e+00  1.8186324358e+00 -1.0667343888e+00 -1.4627194097e-01  2.7594265407e+00 -1.8380546621e+00  5.0957443376e-01  2.7838827815e+00 -1.9027945585e+00  1.8929938841e+00  1.8612617751e+00 -1.1752115780e+00  2.6367341040e+00  9.0357239922e-01 -4.0856314429e-01  1.9712412002e+00  8.8481886293e-01 -3.5734578286e-01  5.9315339389e-01  1.4003372495e-01  2.4280292961e-01  9.1660408649e-02  1.8484505124e-01  1.3707324875e-01  2.5622809215e+00  1.7773926845e+00 -1.1758618786e+00  3.9975452640e+00  2.8901322777e+00 -1.5685221562e+00  4.7694872185e+00  2.7324684558e+00 -2.5709848452e+00  5.1793000215e+00  2.9508829365e+00 -8.6781070319e-01  5.6058977143e+00  3.8247472264e+00 -1.5294175475e+00  4.2103607793e+00  3.5133225527e+00 -2.5349956194e+00  2.3765665219e+00  3.4830416826e+00 -2.4066568793e+00 -5.6395868770e-02
ENERGY -2.311015619104e+01

JOB 5
COORDS  1.7858597581e+00 -1.0852856459e+00 -1.2201989095e+00  1.8056632547e+00 -1.0990265801e+00 -1.4113048937e-01  2.7489086139e+00 -1.8564707802e+00  5.2683327302e-01  2.7859433621e+00 -1.8834665330e+00  1.9114848674e+00  1.8709928859e+00 -1.1330963545e+00  2.6414565892e+00  9.1175561523e-01 -3.7821467456e-01  1.9647298561e+00  8.8205918226e-01 -3.6370070168e-01  5.8619246890e-01  1.3631051515e-01  2.2670089296e-01  7.4637326488e-02  2.0185732129e-01  1.8770280451e-01  2.5472854927e+00  1.8072284094e+00 -1.0895462694e+00  4.0026987735e+00  2.8944605111e+00 -1.5728368857e+00  4.7559847004e+00  2.7775145457e+00 -2.6392971981e+00  4.9767006845e+00  2.8694258746e+00 -1.0263376511e+00  5.7002807775e+00  3.8523077080e+00 -1.3898566672e+00  4.2654272483e+00  3.5193731486e+00 -2.5011600250e+00  2.4069643917e+00  3.4660602044e+00 -2.4421281498e+00 -2.9896907391e-02
ENERGY -2.311166160594e+01

JOB 6
COORDS  1.7432250405e+00 -1.1569173825e+00 -1.2153670609e+00  1.7833505351e+00 -1.1362792621e+00 -1.3691547607e-01  2.7383475393e+00 -1.8708416831e+00  5.3979494211e-01  2.7998698202e+00 -1.8528637050e+00  1.9239687245e+00  1.8941314629e+00 -1.0828366151e+00  2.6441293373e+00  9.2622903691e-01 -3.4620628675e-01  1.9598749726e+00  8.7436708825e-01 -3.7517702261e-01  5.8222872491e-01  1.2156354849e-01  2.0071369152e-01  6.4582690401e-02  2.2769218956e-01  2.4024214245e-01  2.5357832034e+00  1.8566929558e+00 -9.9122557433e-01  4.0041341482e+00  2.8936159598e+00 -1.5817334700e+00  4.7485491707e+00  2.7932818038e+00 -2.6722409356e+00  4.7793804677e+00  2.7871575970e+00 -1.1932261726e+00  5.7614434226e+00  3.8793726282e+00 -1.3096921961e+00  4.3617176029e+00  3.5489545569e+00 -2.4455036851e+00  2.4259903955e+00  3.4478691477e+00 -2.4722322619e+00 -9.8451223179e-03
ENERGY -2.311281539033e+01

JOB 7
COORDS  1.6886258380e+00 -1.2330425409e+00 -1.2091843471e+00  1.7551313967e+00 -1.1751580384e+00 -1.3340979878e-01  2.7304285911e+00 -1.8816607730e+00  5.4378690314e-01  2.8260694943e+00 -1.8159195424e+00  1.9247792697e+00  1.9310284629e+00 -1.0306502906e+00  2.6418642867e+00  9.4702284509e-01 -3.1697611843e-01  1.9557588466e+00  8.6270178496e-01 -3.9071094916e-01  5.8157125657e-01  9.6487275553e-02  1.6666395076e-01  6.3338293342e-02  2.6165122552e-01  2.8782208599e-01  2.5284774238e+00  1.9275200031e+00 -8.8862652363e-01  3.9980610505e+00  2.8839006566e+00 -1.5926058830e+00  4.7506872324e+00  2.7925154550e+00 -2.6745233613e+00  4.6084405695e+00  2.6785914138e+00 -1.3480932040e+00  5.7917234664e+00  3.9031799529e+00 -1.2792292413e+00  4.5009400084e+00  3.5992518244e+00 -2.3777334317e+00  2.4253205171e+00  3.4316146906e+00 -2.4955765577e+00 -2.7048347331e-03
ENERGY -2.311319120698e+01

JOB 8
COORDS  1.6288707542e+00 -1.3017864286e+00 -1.2006185919e+00  1.7247007691e+00 -1.2109278011e+00 -1.2933700812e-01  2.7209784334e+00 -1.8933852790e+00  5.4192472464e-01  2.8555277579e+00 -1.7862438304e+00  1.9169564634e+00  1.9732974609e+00 -9.8616279311e-01  2.6342485570e+00  9.7178101767e-01 -2.9126345635e-01  1.9541158008e+00  8.5167055475e-01 -4.0479073141e-01  5.8536145624e-01  7.1477010822e-02  1.3690669972e-01  7.1413558393e-02  3.0181861214e-01  3.3069694248e-01  2.5267938847e+00  2.0092433765e+00 -7.9965872826e-01  3.9844278547e+00  2.8710277930e+00 -1.5997684201e+00  4.7567360568e+00  2.8165089210e+00 -2.6528000444e+00  4.4652839224e+00  2.5450993370e+00 -1.4846569676e+00  5.7890865931e+00  3.9104284681e+00 -1.2629444994e+00  4.6675234793e+00  3.6522387767e+00 -2.3204905554e+00  2.4111559031e+00  3.4110518673e+00 -2.5187445257e+00 -5.6225110288e-03
ENERGY -2.311265585635e+01

JOB 9
COORDS  1.5694335684e+00 -1.3569332845e+00 -1.1925298879e+00  1.6940915884e+00 -1.2405896554e+00 -1.2673799766e-01  2.7087650634e+00 -1.9084721039e+00  5.3200095488e-01  2.8796434787e+00 -1.7674894075e+00  1.8996201361e+00  2.0158378828e+00 -9.5393092748e-01  2.6243929747e+00  9.9978354005e-01 -2.7079344907e-01  1.9543803915e+00  8.4323368989e-01 -4.1463053117e-01  5.9192501514e-01  5.0878709360e-02  1.1761255377e-01  8.6667783451e-02  3.4719729338e-01  3.6691754797e-01  2.5297162132e+00  2.0941357867e+00 -7.3086193087e-01  3.9669666905e+00  2.8598507670e+00 -1.6009988053e+00  4.7673858259e+00  2.8853621392e+00 -2.6148906469e+00  4.3619100616e+00  2.3964847557e+00 -1.6057094904e+00  5.7532981317e+00  3.8902571497e+00 -1.2372999288e+00  4.8569403716e+00  3.6954628423e+00 -2.2828889969e+00  2.3831608681e+00  3.3853026557e+00 -2.5450613623e+00 -1.9647389101e-02
ENERGY -2.311141189809e+01

JOB 10
COORDS  1.5182160388e+00 -1.3879970948e+00 -1.1892714856e+00  1.6666373876e+00 -1.2590576135e+00 -1.2800675238e-01  2.6888632318e+00 -1.9283462540e+00  5.1782635387e-01  2.8908493322e+00 -1.7715260687e+00  1.8791808118e+00  2.0499191484e+00 -9.4188960227e-01  2.6129761168e+00  1.0275191444e+00 -2.5629124068e-01  1.9548668513e+00  8.4051202232e-01 -4.1477763308e-01  5.9776258372e-01  4.3124170959e-02  1.1977360777e-01  1.0295254587e-01  3.9426497947e-01  3.9617375652e-01  2.5352924115e+00  2.1617668816e+00 -6.9226938625e-01  3.9484405705e+00  2.8573267487e+00 -1.5923885092e+00  4.7819213657e+00  3.0285739243e+00 -2.5570441960e+00  4.3032134460e+00  2.2573673898e+00 -1.7294229537e+00  5.6826635256e+00  3.8274483684e+00 -1.1668438153e+00  5.0605925818e+00  3.7152268182e+00 -2.2865937498e+00  2.3490966709e+00  3.3481053237e+00 -2.5775196656e+00 -4.0057453924e-02
ENERGY -2.310993147058e+01

JOB 11
COORDS  1.4819857011e+00 -1.3954427053e+00 -1.1920886218e+00  1.6452651350e+00 -1.2662982246e+00 -1.3304122253e-01  2.6596031089e+00 -1.9546696092e+00  5.0517243190e-01  2.8806385600e+00 -1.7985545568e+00  1.8635026890e+00  2.0675694969e+00 -9.4785498758e-01  2.6045880717e+00  1.0518953719e+00 -2.4471014547e-01  1.9536353615e+00  8.4555706871e-01 -4.0294187556e-01  5.9933626755e-01  5.3610105569e-02  1.4669889458e-01  1.1242330513e-01  4.3918896761e-01  4.2328572604e-01  2.5385166365e+00  2.1971722453e+00 -6.8185059254e-01  3.9356004520e+00  2.8693875438e+00 -1.5751256478e+00  4.7962742802e+00  3.2500478619e+00 -2.4570901943e+00  4.2836903760e+00  2.1686980207e+00 -1.8868245520e+00  5.5749784404e+00  3.7081623330e+00 -1.0504007629e+00  5.2620708161e+00  3.6985606331e+00 -2.3340460291e+00  2.3219826852e+00  3.2983787570e+00 -2.6201951563e+00 -5.7191825396e-02
ENERGY -2.310879447804e+01

JOB 12
COORDS  1.6351220662e+00 -1.2479974371e+00 -1.2115067011e+00  1.7071784877e+00 -1.2056543356e+00 -1.3539663895e-01  2.5486952205e+00 -2.0683838854e+00  5.4102702419e-01  2.6496263253e+00 -2.0244832539e+00  1.9218321328e+00  1.9073378237e+00 -1.0941553797e+00  2.6411432900e+00  1.0475398360e+00 -2.3401911480e-01  1.9561516693e+00  9.5018412880e-01 -2.9206946535e-01  5.8170818745e-01  2.8315454181e-01  3.8218313404e-01  6.5161769974e-02  4.6614431037e-01  4.7055648945e-01  2.5298942104e+00  1.9065254428e+00 -9.7092583648e-01  3.9988699242e+00  2.9896014772e+00 -1.4649105635e+00  4.7549491217e+00  3.8642205775e+00 -1.6799180622e+00  4.1401935357e+00  2.6939752282e+00 -2.3852665816e+00  5.2704748801e+00  3.2388721046e+00 -7.0613675933e-01  5.4979032593e+00  3.2950843349e+00 -2.7302423557e+00  2.4228739246e+00  3.1324590049e+00 -2.7945970117e+00 -5.8294462968e-03
ENERGY -2.310993195038e+01

JOB 13
COORDS  2.0164692412e+00 -5.4821505659e-01 -1.1670947354e+00  1.9560126184e+00 -7.6675749580e-01 -1.1183549051e-01  3.0436917638e+00 -1.3025690491e+00  5.5105690715e-01  2.9789543541e+00 -1.5878294359e+00  1.9052701230e+00  1.8114930370e+00 -1.3236026403e+00  2.6127667889e+00  7.1047090367e-01 -7.9417647521e-01  1.9379200607e+00  7.8511262603e-01 -5.1977394126e-01  5.8861888712e-01 -7.3546334691e-02 -1.0747789869e-01  7.9589703675e-02 -1.9179424330e-01 -6.0814899085e-01  2.4990499978e+00  1.6286873322e+00 -1.5728874404e+00  3.9404843216e+00  2.7512245352e+00 -1.7975130069e+00  4.7612048285e+00  3.6335072433e+00 -1.2614528956e+00  4.4044767507e+00  2.9895444649e+00 -2.8667456409e+00  4.8056915573e+00  2.4823394288e+00 -1.4503975002e+00  5.7581828349e+00  3.8364282097e+00 -2.0278739631e+00  2.3911805712e+00  3.9571257302e+00 -1.5105989879e+00  1.2887036915e-02
ENERGY -2.311141189831e+01

JOB 14
COORDS  2.0016593009e+00 -6.2738960857e-01 -1.1794070935e+00  1.9472737025e+00 -8.0827545263e-01 -1.1667227886e-01  3.0371610391e+00 -1.3213880751e+00  5.5991573588e-01  2.9815287423e+00 -1.5583050212e+00  1.9241261921e+00  1.8158630416e+00 -1.2709739760e+00  2.6252905185e+00  7.1289592648e-01 -7.5960507103e-01  1.9393850767e+00  7.8144894684e-01 -5.3181832499e-01  5.8136550261e-01 -7.8506168799e-02 -1.3441241631e-01  6.2880596330e-02 -1.8521890134e-01 -5.5038740552e-01  2.4990832322e+00  1.6412511482e+00 -1.4653802472e+00  3.9634895051e+00  2.7564157023e+00 -1.8071106840e+00  4.7502144763e+00  3.6261864252e+00 -1.1880502936e+00  4.5113521803e+00  3.0270193921e+00 -2.8610840724e+00  4.6172596881e+00  2.4580585269e+00 -1.6421198963e+00  5.7841334372e+00  3.8444964344e+00 -1.9726908826e+00  2.4220944207e+00  3.9481876519e+00 -1.5470289913e+00  2.4938953978e-02
ENERGY -2.311265585381e+01

JOB 15
COORDS  1.9755236109e+00 -7.1402495985e-01 -1.1928602624e+00  1.9333138855e+00 -8.5281398859e-01 -1.2327136241e-01  3.0322226527e+00 -1.3356973037e+00  5.6095756591e-01  2.9907490258e+00 -1.5180035486e+00  1.9341485131e+00  1.8308038743e+00 -1.2119618486e+00  2.6361620067e+00  7.2142879205e-01 -7.2508708644e-01  1.9429244219e+00  7.7551044373e-01 -5.4844427960e-01  5.7661153677e-01 -9.0155116908e-02 -1.7098174019e-01  5.2720364314e-02 -1.7036768674e-01 -4.9372347186e-01  2.5038982680e+00  1.6726703409e+00 -1.3496656275e+00  3.9835610317e+00  2.7573679561e+00 -1.8215136435e+00  4.7434871405e+00  3.6279871861e+00 -1.1631105509e+00  4.6559754343e+00  3.0413740046e+00 -2.8382874284e+00  4.4519042994e+00  2.4134881471e+00 -1.8276846572e+00  5.7766392717e+00  3.8643502310e+00 -1.8981542880e+00  2.4404030011e+00  3.9394535634e+00 -1.5768659958e+00  2.6188912855e-02
ENERGY -2.311319120700e+01

JOB 16
COORDS  1.9403354165e+00 -8.0033004010e-01 -1.2041516987e+00  1.9155293188e+00 -8.9715777360e-01 -1.2939460822e-01  3.0273887769e+00 -1.3479479934e+00  5.5624006286e-01  3.0080863686e+00 -1.4761878105e+00  1.9358150545e+00  1.8552629063e+00 -1.1531525958e+00  2.6419179243e+00  7.3498543725e-01 -6.9217659536e-01  1.9489945204e+00  7.6855737246e-01 -5.6659098573e-01  5.7620928198e-01 -1.0565307715e-01 -2.1033168045e-01  5.1656066484e-02 -1.4837631663e-01 -4.4008753397e-01  2.5143871878e+00  1.7216251556e+00 -1.2355730421e+00  3.9964492713e+00  2.7533961423e+00 -1.8354018655e+00  4.7405706855e+00  3.6219142017e+00 -1.1731995622e+00  4.8265268674e+00  3.0581842504e+00 -2.7952714078e+00  4.3149935816e+00  2.3410375105e+00 -2.0002868135e+00  5.7360602700e+00  3.8949056994e+00 -1.8196587663e+00  2.4456728516e+00  3.9285417477e+00 -1.6026659523e+00  1.7502824795e-02
ENERGY -2.311281539050e+01

JOB 17
COORDS  1.9025446796e+00 -8.7419293567e-01 -1.2135592433e+00  1.8959960115e+00 -9.3560753551e-01 -1.3599023358e-01  3.0211949313e+00 -1.3638874517e+00  5.4232588301e-01  3.0269016775e+00 -1.4475594054e+00  1.9251948884e+00  1.8855461906e+00 -1.1067685960e+00  2.6422846535e+00  7.5423657330e-01 -6.6317472805e-01  1.9557684156e+00  7.6283526612e-01 -5.7938205940e-01  5.7940993611e-01 -1.2006079406e-01 -2.3708767240e-01  6.0051845521e-02 -1.1797697841e-01 -3.9089536360e-01  2.5290892046e+00  1.7785304942e+00 -1.1414637652e+00  4.0010659299e+00  2.7461195949e+00 -1.8411966506e+00  4.7475433341e+00  3.5803961758e+00 -1.1868446853e+00  5.0223806600e+00  3.1141710673e+00 -2.7251876554e+00  4.2234272451e+00  2.2452391205e+00 -2.1555304888e+00  5.6647653186e+00  3.9267619503e+00 -1.7641708933e+00  2.4301435465e+00  3.9132849500e+00 -1.6330705326e+00 -4.4512405519e-03
ENERGY -2.311166160589e+01

JOB 18
COORDS  1.8613021660e+00 -9.2517223778e-01 -1.2216028902e+00  1.8757114683e+00 -9.6347244030e-01 -1.4302425083e-01  3.0116694373e+00 -1.3817306678e+00  5.2392560465e-01  3.0426513298e+00 -1.4346673052e+00  1.9077164160e+00  1.9161290342e+00 -1.0759552245e+00  2.6398561429e+00  7.7538782999e-01 -6.4045721964e-01  1.9639484001e+00  7.5874151368e-01 -5.8542497704e-01  5.8598074436e-01 -1.3215720869e-01 -2.4960346737e-01  7.6174939222e-02 -8.4589687188e-02 -3.5035184449e-01  2.5469522417e+00  1.8358242512e+00 -1.0701581715e+00  4.0008699390e+00  2.7398054007e+00 -1.8404741335e+00  4.7609340767e+00  3.4932246611e+00 -1.1947389168e+00  5.2225846621e+00  3.2190582074e+00 -2.6251443235e+00  4.1758987261e+00  2.1569674612e+00 -2.3040493975e+00  5.5607261109e+00  3.9529807676e+00 -1.7396297992e+00  2.4015800248e+00  3.8930142779e+00 -1.6649902926e+00 -3.3070743948e-02
ENERGY -2.311015619115e+01

JOB 19
COORDS  1.8248242359e+00 -9.5042692131e-01 -1.2316307538e+00  1.8564229083e+00 -9.7950177086e-01 -1.5315307740e-01  2.9953302985e+00 -1.4107928016e+00  5.0029196170e-01  3.0482332140e+00 -1.4525874790e+00  1.8836498656e+00  1.9412211504e+00 -1.0689822746e+00  2.6333422883e+00  7.9812982211e-01 -6.2066670641e-01  1.9688519371e+00  7.5870758709e-01 -5.7651770776e-01  5.9097404519e-01 -1.3512618052e-01 -2.2987602621e-01  9.3748238688e-02 -4.7388996442e-02 -3.1029100793e-01  2.5625339622e+00  1.8751978718e+00 -1.0365124505e+00  3.9951070648e+00  2.7367959274e+00 -1.8270740176e+00  4.7849849707e+00  3.3337301015e+00 -1.1733072899e+00  5.4258546159e+00  3.3894246192e+00 -2.4686774224e+00  4.1967759454e+00  2.1130704302e+00 -2.4583720392e+00  5.4261938271e+00  3.9642094016e+00 -1.7688529146e+00  2.3598035847e+00  3.8629385196e+00 -1.7135815887e+00 -6.7878332649e-02
ENERGY -2.310888436121e+01

JOB 20
COORDS  1.9468698246e+00 -7.6213427541e-01 -1.2076667718e+00  1.9109247069e+00 -9.0596494964e-01 -1.3852677715e-01  2.9343110520e+00 -1.5700500449e+00  5.1094598137e-01  2.8988590599e+00 -1.7608980773e+00  1.8824642558e+00  1.8291137165e+00 -1.2693794305e+00  2.6226422499e+00  7.9013239281e-01 -6.1190490583e-01  1.9620970272e+00  8.3346692216e-01 -4.3414545986e-01  5.9511311080e-01  2.3784581106e-02  7.9506935149e-02  9.8219502401e-02 -4.0484126391e-02 -2.5105726046e-01  2.5481717139e+00  1.6746387432e+00 -1.4131792691e+00  3.9695507273e+00  2.7940851878e+00 -1.6796480703e+00  4.7845220492e+00  2.7186234728e+00 -1.0240868932e+00  5.6545153305e+00  3.7348417753e+00 -1.4550950316e+00  4.2783585381e+00  2.7943998246e+00 -2.7252852414e+00  5.1038659371e+00  3.6999480310e+00 -2.3074647243e+00  2.3570527847e+00  3.7722057464e+00 -1.9552337201e+00 -5.1875515822e-02
ENERGY -2.310999031166e+01

JOB 21
COORDS  1.9361040654e+00 -8.2613976214e-01 -1.2092782947e+00  1.9026870858e+00 -9.4001945851e-01 -1.3648272268e-01  2.9240838732e+00 -1.5942917706e+00  5.2543615750e-01  2.8934588600e+00 -1.7472783233e+00  1.9021079807e+00  1.8296639029e+00 -1.2291532274e+00  2.6322588593e+00  7.9355188543e-01 -5.7971371362e-01  1.9593742979e+00  8.3235166266e-01 -4.3823468806e-01  5.8827373350e-01  2.5087336976e-02  6.9021719770e-02  8.0909125583e-02 -3.0607909604e-02 -1.9553883727e-01  2.5396178157e+00  1.6881181475e+00 -1.3280342242e+00  3.9846599733e+00  2.8028767455e+00 -1.6814862433e+00  4.7694749245e+00  2.6599140108e+00 -1.2003587419e+00  5.7374249482e+00  3.7353369079e+00 -1.3061127753e+00  4.3395148765e+00  2.8721570129e+00 -2.7663619534e+00  4.8967842895e+00  3.6938072736e+00 -2.2826331952e+00  2.3897563276e+00  3.7571300495e+00 -1.9996852242e+00 -3.0382148804e-02
ENERGY -2.311151236681e+01

JOB 22
COORDS  1.9060465328e+00 -9.0535503897e-01 -1.2136553763e+00  1.8860872689e+00 -9.8103490756e-01 -1.3711414850e-01  2.9153178444e+00 -1.6104438846e+00  5.3647067066e-01  2.9033810644e+00 -1.7150044152e+00  1.9181708024e+00  1.8446857593e+00 -1.1749108027e+00  2.6391368651e+00  8.0200878053e-01 -5.4538664281e-01  1.9573448637e+00  8.2550098541e-01 -4.5106481064e-01  5.8201905963e-01  1.3307731826e-02  3.9873184821e-02  6.6591560430e-02 -1.4109184540e-02 -1.3907306651e-01  2.5339319317e+00  1.7218408616e+00 -1.2193178379e+00  3.9963738248e+00  2.8066419158e+00 -1.6894649855e+00  4.7585284763e+00  2.6015456104e+00 -1.3884802705e+00  5.7851525159e+00  3.7492927941e+00 -1.2311213450e+00  4.4427181703e+00  2.8959640714e+00 -2.7792757619e+00  4.7027450326e+00  3.7149560012e+00 -2.2234217401e+00  2.4154480978e+00  3.7432528728e+00 -2.0325380936e+00 -1.4412203092e-02
ENERGY -2.311273198599e+01

JOB 23
COORDS  1.8633424046e+00 -9.9025756144e-01 -1.2179756827e+00  1.8637757420e+00 -1.0244467165e+00 -1.3913065953e-01  2.9085624183e+00 -1.6233141477e+00  5.3831208859e-01  2.9214250044e+00 -1.6740046898e+00  1.9231297689e+00  1.8716288284e+00 -1.1163656282e+00  2.6436695331e+00  8.1712452306e-01 -5.1183397147e-01  1.9574673071e+00  8.1632903985e-01 -4.6802877590e-01  5.7934048765e-01 -5.8615229302e-03  2.7946152913e-03  6.0984688545e-02  1.1112380226e-02 -8.4383424841e-02  2.5329855984e+00  1.7754424532e+00 -1.1060248823e+00  4.0038841046e+00  2.8050176599e+00 -1.6986717300e+00  4.7559586618e+00  2.5185243961e+00 -1.5731815933e+00  5.7991082064e+00  3.7663038981e+00 -1.2031961106e+00  4.5839202075e+00  2.9021401554e+00 -2.7667482401e+00  4.5347520662e+00  3.7509245947e+00 -2.1482878569e+00  2.4241492181e+00  3.7299289352e+00 -2.0600697050e+00 -1.1105451099e-02
ENERGY -2.311319502960e+01

