#    QMEnergy      MMEnergy  Delta(MM-QM)        Weight
 5.210998e+00  4.577673e+00 -6.333251e-01  1.256423e-01
 5.032699e+00  4.499202e+00 -5.334976e-01  1.282354e-01
 4.484341e+00  4.157981e+00 -3.263603e-01  1.372875e-01
 3.447222e+00  3.414575e+00 -3.264651e-02  1.607618e-01
 2.084373e+00  2.307189e+00  2.228161e-01  2.152172e-01
 7.998389e-01  1.040550e+00  2.407108e-01  2.613876e-01
 1.940412e-02  1.534261e-01  1.340220e-01  2.613876e-01
 2.921057e-05 -2.174209e-02 -2.177130e-02  2.613876e-01
 7.285975e-01  7.029987e-01 -2.559884e-02  2.613876e-01
 1.889364e+00  1.900236e+00  1.087184e-02  2.259503e-01
 2.942955e+00  3.042803e+00  9.984812e-02  1.768235e-01
 3.366410e+00  3.518387e+00  1.519768e-01  1.630800e-01
 2.942955e+00  3.042874e+00  9.991843e-02  1.768235e-01
 1.889362e+00  1.899479e+00  1.011688e-02  2.259504e-01
 7.285884e-01  7.018180e-01 -2.677039e-02  2.613876e-01
 0.000000e+00  0.000000e+00  0.000000e+00  2.613876e-01
 1.940469e-02  1.536082e-01  1.342035e-01  2.613876e-01
 7.998387e-01  1.040776e+00  2.409374e-01  2.613876e-01
 2.084374e+00  2.307393e+00  2.230197e-01  2.152171e-01
 3.447223e+00  3.414616e+00 -3.260673e-02  1.607617e-01
 4.484344e+00  4.157438e+00 -3.269058e-01  1.372874e-01
 5.032698e+00  4.499118e+00 -5.335800e-01  1.282354e-01
 5.210998e+00  4.577572e+00 -6.334262e-01  1.256423e-01
 5.236732e+00  4.579464e+00 -6.572685e-01  1.252804e-01
