JOB 0
COORDS  1.7652288046e+00 -1.1406819466e+00 -1.1016722388e+00  1.7967133312e+00 -1.1009957726e+00 -2.3126039700e-02  2.8387504460e+00 -1.7040525711e+00  6.6359699680e-01  2.8788054096e+00 -1.6488022627e+00  2.0434226068e+00  1.8678213176e+00 -1.0013781465e+00  2.7504645492e+00  8.2762872828e-01 -3.8927304388e-01  2.0544176012e+00  7.9863655705e-01 -4.3793759365e-01  6.7212899150e-01 -4.7757345220e-03  4.4973857275e-02  1.3600459714e-01  5.4592470794e-02  1.5892983442e-01  2.5773832934e+00  1.9680883683e+00 -9.7418367533e-01  4.2380957310e+00  2.9986688411e+00 -1.1458666493e+00  4.8281181973e+00  8.1769751654e-01 -7.6890743098e-01  4.9117198680e+00  3.9211119078e-02 -8.7504880269e-01  4.3499162352e+00  3.6837673682e+00 -2.1037853868e+00  2.6001413032e+00  3.6207182770e+00 -2.2135256474e+00  1.2114734516e-01
ENERGY -2.616171269298e+01

JOB 1
COORDS  1.7678606310e+00 -1.1417550285e+00 -1.1052312076e+00  1.7987509105e+00 -1.1003248584e+00 -2.6687682835e-02  2.8400964554e+00 -1.7035721917e+00  6.6102935195e-01  2.8800587496e+00 -1.6462446109e+00  2.0407888425e+00  1.8700123522e+00 -9.9507324630e-01  2.7459921013e+00  8.2983048064e-01 -3.8389296672e-01  2.0487639678e+00  8.0021057075e-01 -4.3568628180e-01  6.6696278979e-01 -3.2216288809e-03  4.5626581337e-02  1.2940046482e-01  5.7900818965e-02  1.6081757664e-01  2.5756823095e+00  1.9669687079e+00 -9.5705355571e-01  4.2318023284e+00  2.9799005709e+00 -1.1865343014e+00  4.8318113293e+00  8.2017277346e-01 -6.7883088606e-01  4.8963827097e+00  3.7819878125e-02 -9.6073433808e-01  4.4072733019e+00  3.6836892906e+00 -2.1024834713e+00  2.5984464547e+00  3.6215022595e+00 -2.2147936591e+00  1.1934197637e-01
ENERGY -2.615996214520e+01

JOB 2
COORDS  1.7735177543e+00 -1.1423687838e+00 -1.1116093862e+00  1.8030325591e+00 -1.0995457075e+00 -3.2999868697e-02  2.8437894385e+00 -1.7023746447e+00  6.5649127744e-01  2.8822771849e+00 -1.6443884550e+00  2.0360811278e+00  1.8717035385e+00 -9.9016052621e-01  2.7383475642e+00  8.3117680471e-01 -3.8075592340e-01  2.0399994710e+00  8.0284097240e-01 -4.3495518022e-01  6.5852520828e-01 -7.3653221247e-04  4.4012737995e-02  1.1911452015e-01  5.9571376632e-02  1.5912207918e-01  2.5711017214e+00  1.9609905227e+00 -9.4567276124e-01  4.2222483695e+00  2.9519553600e+00 -1.2277853219e+00  4.8353878664e+00  8.1875135951e-01 -5.9241021682e-01  4.8733903761e+00  4.2573584289e-02 -1.0278828458e+00  4.5047395272e+00  3.6846869255e+00 -2.1010836277e+00  2.5952349053e+00  3.6254219721e+00 -2.2142860609e+00  1.1570635761e-01
ENERGY -2.615732838798e+01

JOB 3
COORDS  1.7850084313e+00 -1.1368266273e+00 -1.1211758082e+00  1.8103439549e+00 -1.0959297213e+00 -4.2328061779e-02  2.8504936455e+00 -1.6979579172e+00  6.4908580384e-01  2.8842657826e+00 -1.6428496296e+00  2.0288136842e+00  1.8700958935e+00 -9.9051779673e-01  2.7285878710e+00  8.2988278830e-01 -3.8288017614e-01  2.0280954261e+00  8.0529307377e-01 -4.3569648660e-01  6.4687822036e-01  1.5811920901e-03  4.0489164906e-02  1.0520150313e-01  5.5886199934e-02  1.4860348987e-01  2.5631080361e+00  1.9493342915e+00 -9.4606093832e-01  4.2102323805e+00  2.9158055587e+00 -1.2749738308e+00  4.8379288803e+00  8.1618624225e-01 -5.1200293566e-01  4.8460307092e+00  5.7069265533e-02 -1.0667189309e+00  4.6424410287e+00  3.6853624204e+00 -2.1002236889e+00  2.5893131459e+00  3.6349440805e+00 -2.2069892133e+00  1.0954621809e-01
ENERGY -2.615456200375e+01

JOB 4
COORDS  1.8025443268e+00 -1.1273976530e+00 -1.1332803144e+00  1.8208603970e+00 -1.0906539787e+00 -5.4074713790e-02  2.8600766864e+00 -1.6911265431e+00  6.4057769364e-01  2.8859014991e+00 -1.6424833971e+00  2.0204848987e+00  1.8647029293e+00 -9.9574363074e-01  2.7161983659e+00  8.2443334423e-01 -3.9110250430e-01  2.0129324215e+00  8.0775387723e-01 -4.3891950587e-01  6.3170496856e-01  4.1543387296e-03  3.3877570439e-02  8.6893334372e-02  4.5372239939e-02  1.2898304802e-01  2.5507971890e+00  1.9291469593e+00 -9.5849224335e-01  4.1957048625e+00  2.8728577852e+00 -1.3252648400e+00  4.8365564315e+00  8.1338444712e-01 -4.4103113609e-01  4.8144917730e+00  8.4920574165e-02 -1.0676986832e+00  4.8165559905e+00  3.6857882389e+00 -2.0992304267e+00  2.5833281425e+00  3.6496551774e+00 -2.1942513143e+00  1.0288799405e-01
ENERGY -2.615266177150e+01

JOB 5
COORDS  1.8259962239e+00 -1.1114417982e+00 -1.1475745797e+00  1.8345449947e+00 -1.0827557813e+00 -6.7931851957e-02  2.8722105898e+00 -1.6804554308e+00  6.3169880187e-01  2.8851984916e+00 -1.6420383255e+00  2.0119757205e+00  1.8533124433e+00 -1.0068600033e+00  2.7032338416e+00  8.1367934198e-01 -4.0691282035e-01  1.9950279521e+00  8.0961558067e-01 -4.4502191693e-01  6.1352522244e-01  6.2997482595e-03  2.3644824280e-02  6.4717338033e-02  2.5111442141e-02  9.7838229416e-02  2.5327567287e+00  1.8997871122e+00 -9.8475140095e-01  4.1816005266e+00  2.8238530391e+00 -1.3846174627e+00  4.8327035659e+00  8.1357776409e-01 -3.8402087275e-01  4.7813433930e+00  1.3438953288e-01 -1.0226726858e+00  5.0130015120e+00  3.6836690246e+00 -2.0968583158e+00  2.5784017895e+00  3.6703074917e+00 -2.1736114773e+00  9.7279076799e-02
ENERGY -2.615264090745e+01

JOB 6
COORDS  1.8521786963e+00 -1.0927192576e+00 -1.1607876671e+00  1.8490186453e+00 -1.0734606739e+00 -8.0839360920e-02  2.8842282035e+00 -1.6677986667e+00  6.2528431793e-01  2.8820142261e+00 -1.6415181160e+00  2.0058528839e+00  1.8371208699e+00 -1.0205485979e+00  2.6904309694e+00  7.9862079049e-01 -4.2560615961e-01  1.9766951313e+00  8.1046431993e-01 -4.5201409750e-01  5.9492598797e-01  8.0713596173e-03  1.2402400656e-02  4.1166069578e-02 -2.0712817432e-03  6.2502170480e-02  2.5111952806e+00  1.8644648008e+00 -1.0160943889e+00  4.1688027370e+00  2.7728100942e+00 -1.4446641856e+00  4.8270544181e+00  8.1188640821e-01 -3.4977966043e-01  4.7476219735e+00  2.1182892638e-01 -9.4833117135e-01  5.2015783603e+00  3.6784068644e+00 -2.0937156168e+00  2.5773379518e+00  3.6925098973e+00 -2.1491892169e+00  9.5439984004e-02
ENERGY -2.615497061994e+01

JOB 7
COORDS  1.8781463427e+00 -1.0764681435e+00 -1.1710689445e+00  1.8624669076e+00 -1.0653911267e+00 -9.1095287756e-02  2.8966501354e+00 -1.6534082683e+00  6.2152185956e-01  2.8774554079e+00 -1.6379368079e+00  2.0021588519e+00  1.8185251189e+00 -1.0337064879e+00  2.6795410369e+00  7.8029120741e-01 -4.4624950120e-01  1.9597394838e+00  8.0885139974e-01 -4.6228602715e-01  5.7797725893e-01  6.6437095218e-03 -4.3552667638e-03  1.8553621657e-02 -3.3882444541e-02  2.4615388909e-02  2.4888350933e+00  1.8283881370e+00 -1.0446122746e+00  4.1582436765e+00  2.7179718929e+00 -1.5063816611e+00  4.8231421996e+00  8.0694304480e-01 -3.3210113486e-01  4.7179690519e+00  3.1436823623e-01 -8.5551881434e-01  5.3592646619e+00  3.6721500100e+00 -2.0854889520e+00  2.5795970582e+00  3.7165837151e+00 -2.1212461607e+00  9.7379415592e-02
ENERGY -2.615916451641e+01

JOB 8
COORDS  1.8988858309e+00 -1.0643024926e+00 -1.1789887507e+00  1.8727223011e+00 -1.0585952989e+00 -9.9161573155e-02  2.9016912525e+00 -1.6466998513e+00  6.2065313349e-01  2.8694418699e+00 -1.6383765834e+00  2.0012436218e+00  1.8021970176e+00 -1.0411610593e+00  2.6708671541e+00  7.6887215652e-01 -4.5414068098e-01  1.9441361411e+00  8.1038282091e-01 -4.6277807835e-01  5.6255164081e-01  1.1653051974e-02 -5.2347943444e-03 -2.2057342818e-03 -5.3154719395e-02  8.5850954804e-03  2.4677653711e+00  1.7990648920e+00 -1.0595077510e+00  4.1496555281e+00  2.6824298442e+00 -1.5240885205e+00  4.8235997111e+00  7.7323687455e-01 -3.5832010559e-01  4.6950982431e+00  4.2611074571e-01 -8.0022117385e-01  5.4800723659e+00  3.6598975326e+00 -2.0862380897e+00  2.5842401713e+00  3.7281213497e+00 -2.1094558536e+00  1.0223201378e-01
ENERGY -2.616412358474e+01

JOB 9
COORDS  1.9170152603e+00 -1.0519046952e+00 -1.1844069399e+00  1.8817404767e+00 -1.0517505400e+00 -1.0482417461e-01  2.9074808374e+00 -1.6386459741e+00  6.2029980293e-01  2.8624739701e+00 -1.6375851760e+00  2.0006875304e+00  1.7873776106e+00 -1.0487355980e+00  2.6644340851e+00  7.5760934876e-01 -4.6267228290e-01  1.9323373305e+00  8.1087930156e-01 -4.6477856948e-01  5.5107620031e-01  1.4442141698e-02 -8.7562414911e-03 -1.8141806571e-02 -7.1706662305e-02 -7.8814115000e-03  2.4511638883e+00  1.7732870249e+00 -1.0739648113e+00  4.1431193128e+00  2.6438235577e+00 -1.5544947917e+00  4.8245015410e+00  7.3989153372e-01 -3.9177090768e-01  4.6809002893e+00  5.3720406014e-01 -7.2725208306e-01  5.5655056809e+00  3.6494682544e+00 -2.0853832277e+00  2.5883170428e+00  3.7405661051e+00 -2.0949589280e+00  1.0678925421e-01
ENERGY -2.616868739830e+01

JOB 10
COORDS  1.9296010125e+00 -1.0419371406e+00 -1.1872748302e+00  1.8880289518e+00 -1.0462201052e+00 -1.0791494322e-01  2.9112640416e+00 -1.6327801649e+00  6.2083356999e-01  2.8579436011e+00 -1.6378881866e+00  2.0009973488e+00  1.7770033622e+00 -1.0547271579e+00  2.6597948120e+00  7.4987053991e-01 -4.6767699307e-01  1.9249967890e+00  8.1148815664e-01 -4.6527166770e-01  5.4408054194e-01  1.7025324700e-02 -9.6557647498e-03 -2.8174175170e-02 -8.4037360979e-02 -1.7948391811e-02  2.4407926121e+00  1.7556122556e+00 -1.0841983111e+00  4.1380086188e+00  2.6168413565e+00 -1.5725990153e+00  4.8267423208e+00  6.9835287234e-01 -4.4530500778e-01  4.6712337923e+00  6.3168768469e-01 -6.5317522774e-01  5.6154516743e+00  3.6421281293e+00 -2.0866034653e+00  2.5917062776e+00  3.7487428929e+00 -2.0845486384e+00  1.1048462846e-01
ENERGY -2.617188384475e+01

JOB 11
COORDS  1.9383942467e+00 -1.0316333968e+00 -1.1876779762e+00  1.8918548521e+00 -1.0403540253e+00 -1.0858086244e-01  2.9140119719e+00 -1.6275712963e+00  6.2122871694e-01  2.8558697447e+00 -1.6394832930e+00  2.0012679257e+00  1.7711264238e+00 -1.0619371371e+00  2.6582672261e+00  7.4615947000e-01 -4.7296193341e-01  1.9219742051e+00  8.1096300714e-01 -4.6471109603e-01  5.4126106620e-01  1.7285477829e-02 -8.5568732142e-03 -3.1783529136e-02 -9.0450604803e-02 -2.7806280874e-02  2.4371839688e+00  1.7453914501e+00 -1.0948628721e+00  4.1361247707e+00  2.6008503096e+00 -1.5892390423e+00  4.8282279659e+00  6.5735327666e-01 -5.1099934478e-01  4.6661296362e+00  6.9995408025e-01 -5.6532973552e-01  5.6333404788e+00  3.6383125960e+00 -2.0900436338e+00  2.5928522653e+00  3.7544765188e+00 -2.0750452776e+00  1.1194317941e-01
ENERGY -2.617303385848e+01

JOB 12
COORDS  1.9423640677e+00 -1.0188094337e+00 -1.1865381674e+00  1.8947363173e+00 -1.0340653050e+00 -1.0752786844e-01  2.9169185716e+00 -1.6225315625e+00  6.2116140387e-01  2.8556188914e+00 -1.6420997634e+00  2.0008645331e+00  1.7681552364e+00 -1.0707598830e+00  2.6592838610e+00  7.4364159386e-01 -4.7896446553e-01  1.9246355788e+00  8.1167164345e-01 -4.6493883617e-01  5.4408955571e-01  1.8031268479e-02 -7.8333186967e-03 -2.8118494337e-02 -9.5368376361e-02 -3.8482165883e-02  2.4401363092e+00  1.7418442730e+00 -1.1091455964e+00  4.1372136933e+00  2.5956126918e+00 -1.6110677238e+00  4.8255151724e+00  6.2336573827e-01 -5.8118503716e-01  4.6669061589e+00  7.3810704983e-01 -4.6034522688e-01  5.6215966941e+00  3.6374421153e+00 -2.0950937000e+00  2.5914378200e+00  3.7594117387e+00 -2.0652132198e+00  1.1110278730e-01
ENERGY -2.617188384186e+01

JOB 13
COORDS  1.9439933771e+00 -1.0030159582e+00 -1.1828500981e+00  1.8959708488e+00 -1.0259621504e+00 -1.0400323000e-01  2.9198653986e+00 -1.6162017622e+00  6.2101503303e-01  2.8577828179e+00 -1.6460831816e+00  2.0004170759e+00  1.7685044006e+00 -1.0829368399e+00  2.6633454484e+00  7.4335282896e-01 -4.8850981355e-01  1.9315125768e+00  8.1074891853e-01 -4.6501504450e-01  5.5106689263e-01  1.5634954412e-02 -6.5952617843e-03 -1.8075321139e-02 -9.7560801922e-02 -5.4736928907e-02  2.4496688219e+00  1.7424952170e+00 -1.1297652323e+00  4.1413428617e+00  2.5948125588e+00 -1.6433128635e+00  4.8216728059e+00  5.9998157560e-01 -6.4531552504e-01  4.6728259354e+00  7.5162743566e-01 -3.3867775366e-01  5.5778857632e+00  3.6404092063e+00 -2.1017964749e+00  2.5877949306e+00  3.7639340844e+00 -2.0526104475e+00  1.0813954115e-01
ENERGY -2.616868739387e+01

JOB 14
COORDS  1.9446618610e+00 -9.8135026308e-01 -1.1763462465e+00  1.8967956884e+00 -1.0149701018e+00 -9.7771994409e-02  2.9235809644e+00 -1.6070289347e+00  6.2191942322e-01  2.8621557239e+00 -1.6515745468e+00  2.0008255425e+00  1.7698284254e+00 -1.0998138223e+00  2.6689982838e+00  7.4182213041e-01 -5.0315741883e-01  1.9425716506e+00  8.0847970034e-01 -4.6622831151e-01  5.6243888528e-01  1.0734954532e-02 -6.9030140672e-03 -2.2641656625e-03 -1.0204479131e-01 -8.0011882230e-02  2.4649384695e+00  1.7438414781e+00 -1.1595802722e+00  4.1464666813e+00  2.5896860048e+00 -1.6921495693e+00  4.8182448066e+00  5.8912823977e-01 -6.9194008591e-01  4.6844710685e+00  7.5638989270e-01 -2.0174316365e-01  5.4991409894e+00  3.6468086767e+00 -2.1099499832e+00  2.5834891112e+00  3.7696838715e+00 -2.0341338684e+00  1.0463653202e-01
ENERGY -2.616412356957e+01

JOB 15
COORDS  1.9436627579e+00 -9.5773885017e-01 -1.1672868263e+00  1.8968501365e+00 -1.0030811961e+00 -8.9110436739e-02  2.9265331736e+00 -1.5992517350e+00  6.2324889038e-01  2.8660326243e+00 -1.6586336887e+00  2.0015013496e+00  1.7720091178e+00 -1.1180009441e+00  2.6768554660e+00  7.4083197667e-01 -5.1775699570e-01  1.9574595477e+00  8.0683663477e-01 -4.6593878112e-01  5.7785888837e-01  6.7679847526e-03 -4.1336429169e-03  1.8556871539e-02 -1.0586689340e-01 -1.0583699935e-01  2.4846762993e+00  1.7466703787e+00 -1.1927006338e+00  4.1535260743e+00  2.5937320746e+00 -1.7315294789e+00  4.8159687824e+00  5.8431460808e-01 -7.3554713588e-01  4.7051185344e+00  7.4673127628e-01 -7.2002340615e-02  5.3842247046e+00  3.6528330244e+00 -2.1204906004e+00  2.5784854778e+00  3.7736139459e+00 -2.0178922153e+00  1.0067541403e-01
ENERGY -2.615916452072e+01

JOB 16
COORDS  1.9432641317e+00 -9.2764874977e-01 -1.1555302682e+00  1.8962183867e+00 -9.8792263697e-01 -7.8115350998e-02  2.9319639059e+00 -1.5812900594e+00  6.2803860631e-01  2.8713899091e+00 -1.6607679403e+00  2.0052384381e+00  1.7705204505e+00 -1.1412478912e+00  2.6865882903e+00  7.3271489432e-01 -5.4504998902e-01  1.9728899070e+00  7.9856350426e-01 -4.7358388710e-01  5.9423819471e-01 -7.2362202437e-03 -1.5341265819e-02  4.0281655378e-02 -1.2150790452e-01 -1.5395490530e-01  2.5042991395e+00  1.7415377547e+00 -1.2388741136e+00  4.1617086621e+00  2.5707483659e+00 -1.8108536126e+00  4.8153960276e+00  6.0108434257e-01 -7.3181127422e-01  4.7354542568e+00  7.7467785902e-01  7.1717642189e-02  5.2340679807e+00  3.6631815170e+00 -2.1213037370e+00  2.5764577491e+00  3.7844319237e+00 -1.9826028179e+00  1.0074574894e-01
ENERGY -2.615497062156e+01

JOB 17
COORDS  1.9447604501e+00 -8.9620445253e-01 -1.1407194310e+00  1.8960060211e+00 -9.7137545441e-01 -6.4384422091e-02  2.9360803693e+00 -1.5647063546e+00  6.3538810287e-01  2.8733683268e+00 -1.6634770280e+00  2.0112952619e+00  1.7672418634e+00 -1.1628386480e+00  2.6982626673e+00  7.2444704472e-01 -5.6861763225e-01  1.9898770800e+00  7.9169873091e-01 -4.7749958314e-01  6.1249105120e-01 -1.8320065729e-02 -2.0984335321e-02  6.3293514058e-02 -1.3746259477e-01 -1.9678437829e-01  2.5233726996e+00  1.7335388424e+00 -1.2860344471e+00  4.1719997394e+00  2.5470548902e+00 -1.8862473052e+00  4.8167177345e+00  6.3002982144e-01 -7.1665761977e-01  4.7707461311e+00  8.0130098987e-01  1.8593792784e-01  5.0515046476e+00  3.6686222046e+00 -2.1241240986e+00  2.5775379163e+00  3.7931859265e+00 -1.9509218287e+00  1.0437634468e-01
ENERGY -2.615264090902e+01

JOB 18
COORDS  1.9453511772e+00 -8.6859003542e-01 -1.1250360448e+00  1.8950051359e+00 -9.5628157766e-01 -4.9793868371e-02  2.9383816941e+00 -1.5492155837e+00  6.4509768537e-01  2.8738893820e+00 -1.6642585807e+00  2.0197912827e+00  1.7635792242e+00 -1.1790129602e+00  2.7103594495e+00  7.1634677237e-01 -5.8698665094e-01  2.0066944653e+00  7.8505858995e-01 -4.8004969035e-01  6.3039631613e-01 -2.8708858644e-02 -2.5679490834e-02  8.4998048759e-02 -1.5345371130e-01 -2.3134818851e-01  2.5393222925e+00  1.7266404034e+00 -1.3255009760e+00  4.1840133022e+00  2.5229630600e+00 -1.9593881536e+00  4.8163580767e+00  6.7721465129e-01 -6.8781279904e-01  4.8066287795e+00  8.1821099206e-01  2.6127372494e-01  4.8588856084e+00  3.6716233569e+00 -2.1249075007e+00  2.5825100537e+00  3.7994509514e+00 -1.9227767753e+00  1.1153358980e-01
ENERGY -2.615266177072e+01

JOB 19
COORDS  1.9436354403e+00 -8.4933180441e-01 -1.1120215600e+00  1.8935424596e+00 -9.4515895194e-01 -3.7528683442e-02  2.9388124356e+00 -1.5379128947e+00  6.5417517394e-01  2.8730938738e+00 -1.6630990722e+00  2.0281605788e+00  1.7617066836e+00 -1.1869552888e+00  2.7223315310e+00  7.1190533594e-01 -5.9669066441e-01  2.0212930885e+00  7.8062970615e-01 -4.8041469963e-01  6.4546147693e-01 -3.6139374477e-02 -2.7890137133e-02  1.0303348207e-01 -1.6474894775e-01 -2.5124146970e-01  2.5503748210e+00  1.7265273604e+00 -1.3498802070e+00  4.1973750642e+00  2.5033872645e+00 -2.0224477502e+00  4.8141403649e+00  7.3783550674e-01 -6.5400964014e-01  4.8415042669e+00  8.0712181294e-01  2.9274877693e-01  4.6857321843e+00  3.6720606956e+00 -2.1243315827e+00  2.5885374705e+00  3.8021825679e+00 -1.9039198521e+00  1.1918977772e-01
ENERGY -2.615456200175e+01

JOB 20
COORDS  1.9419392048e+00 -8.3714007284e-01 -1.1018885530e+00  1.8924455485e+00 -9.3750634669e-01 -2.7839930628e-02  2.9387739500e+00 -1.5302357726e+00  6.6197472303e-01  2.8731437953e+00 -1.6609397139e+00  2.0355544828e+00  1.7619955305e+00 -1.1889842710e+00  2.7320161079e+00  7.1047027998e-01 -5.9951599769e-01  2.0330296147e+00  7.7836529692e-01 -4.7931564984e-01  6.5711034768e-01 -4.0752633794e-02 -2.8511930573e-02  1.1680231353e-01 -1.7190342928e-01 -2.6038193891e-01  2.5577364579e+00  1.7320711998e+00 -1.3605416134e+00  4.2090352845e+00  2.4827789562e+00 -2.0780719343e+00  4.8083070248e+00  8.0645972212e-01 -6.1468082705e-01  4.8726823357e+00  7.7036910665e-01  2.9111160526e-01  4.5467541279e+00  3.6722791483e+00 -2.1235687635e+00  2.5945193538e+00  3.8031171448e+00 -1.8922520109e+00  1.2596534692e-01
ENERGY -2.615732838811e+01

JOB 21
COORDS  1.9382323222e+00 -8.3299456465e-01 -1.0953962025e+00  1.8906498793e+00 -9.3377968004e-01 -2.1382693915e-02  2.9376947152e+00 -1.5266968128e+00  6.6666445795e-01  2.8734029505e+00 -1.6583068301e+00  2.0404057566e+00  1.7650387316e+00 -1.1853157891e+00  2.7399324394e+00  7.1216459246e-01 -5.9713879819e-01  2.0419705919e+00  7.7735142665e-01 -4.7711629703e-01  6.6564230013e-01 -4.3721054358e-02 -2.7773874400e-02  1.2706091622e-01 -1.7435512913e-01 -2.6009920519e-01  2.5622733439e+00  1.7446223341e+00 -1.3600076061e+00  4.2189671693e+00  2.4629092781e+00 -2.1234719283e+00  4.8019672369e+00  8.7965705515e-01 -5.7102318315e-01  4.8998162704e+00  7.1370273026e-01  2.6416882774e-01  4.4462888539e+00  3.6728442656e+00 -2.1221369753e+00  2.5978222424e+00  3.8013587230e+00 -1.8888425215e+00  1.2972635478e-01
ENERGY -2.615996214516e+01

JOB 22
COORDS  1.9358227803e+00 -8.3151454154e-01 -1.0918259474e+00  1.8900337620e+00 -9.3187437325e-01 -1.7740558769e-02  2.9373129743e+00 -1.5254284890e+00  6.6928708303e-01  2.8748253141e+00 -1.6560142703e+00  2.0431935166e+00  1.7690803019e+00 -1.1803272801e+00  2.7447662946e+00  7.1538799114e-01 -5.9269117174e-01  2.0479363152e+00  7.7827610858e-01 -4.7484001352e-01  6.7095172444e-01 -4.4176176781e-02 -2.6435024248e-02  1.3372805383e-01 -1.7456737674e-01 -2.5638074568e-01  2.5641521237e+00  1.7595309640e+00 -1.3521489483e+00  4.2260582469e+00  2.4386431647e+00 -2.1607922615e+00  4.7957947108e+00  9.5406675738e-01 -5.2175913506e-01  4.9195930511e+00  6.4355559025e-01  2.2020574276e-01  4.3848023805e+00  3.6739413454e+00 -2.1215922361e+00  2.5995745059e+00  3.7998193202e+00 -1.8889424904e+00  1.3148753725e-01
ENERGY -2.616171269352e+01

JOB 23
COORDS  1.9303601489e+00 -8.4151252349e-01 -1.0940041879e+00  1.8892993436e+00 -9.3557885904e-01 -1.9188324755e-02  2.9332361013e+00 -1.5343294957e+00  6.6813679956e-01  2.8759485701e+00 -1.6567747081e+00  2.0430783157e+00  1.7784369626e+00 -1.1669355655e+00  2.7481322572e+00  7.2802622043e-01 -5.7539284775e-01  2.0496745543e+00  7.8484949078e-01 -4.6488292831e-01  6.7168447589e-01 -3.6239965369e-02 -1.2102313923e-02  1.3598290710e-01 -1.6005982395e-01 -2.2639472646e-01  2.5617288820e+00  1.7842871622e+00 -1.3319355372e+00  4.2312349782e+00  2.4463606446e+00 -2.1623385220e+00  4.7902618717e+00  1.0071228433e+00 -4.8807214967e-01  4.9361936299e+00  5.2584460772e-01  1.3080776466e-01  4.3713537733e+00  3.6737770986e+00 -2.1261382683e+00  2.5980968490e+00  3.7903034160e+00 -1.9089545571e+00  1.2939225620e-01
ENERGY -2.616212605118e+01

