JOB 0
COORDS  1.8140982371e+00 -1.0717006082e+00 -1.2188879349e+00  1.8388589154e+00 -1.0664752549e+00 -1.3980189721e-01  2.9013350161e+00 -1.6357409489e+00  5.3567622798e-01  2.9466839713e+00 -1.6366676351e+00  1.9206360170e+00  1.9069847261e+00 -1.0622061737e+00  2.6426817907e+00  8.3747226561e-01 -4.8122983166e-01  1.9593616843e+00  8.0676757752e-01 -4.8495397860e-01  5.8095193471e-01 -2.7228369463e-02 -3.3459204880e-02  6.4282358207e-02  4.3928884862e-02 -3.4074054256e-02  2.5372318280e+00  1.8430521700e+00 -1.0000360119e+00  4.0032692127e+00  2.7979960473e+00 -1.7051070516e+00  4.7580377555e+00  2.4068251197e+00 -1.7407397057e+00  5.7740735223e+00  3.7691732312e+00 -1.1995775771e+00  4.7524291862e+00  2.9203153927e+00 -2.7308017987e+00  4.3955542759e+00  3.7956224626e+00 -2.0774928494e+00  2.4200389820e+00  3.7138352626e+00 -2.0857577340e+00 -1.6084799914e-02
ENERGY -2.311273198243e+01

JOB 1
COORDS  1.7629477031e+00 -1.1393930685e+00 -1.2191315972e+00  1.8129712225e+00 -1.1023230411e+00 -1.4158838682e-01  2.8926282568e+00 -1.6511988441e+00  5.2364705083e-01  2.9691401605e+00 -1.6103646290e+00  1.9064150282e+00  1.9450712467e+00 -1.0203722350e+00  2.6388265415e+00  8.6196398799e-01 -4.5595184604e-01  1.9632658709e+00  7.9939123817e-01 -4.9786323601e-01  5.8639720096e-01 -4.6004402221e-02 -5.9589480461e-02  7.6861559556e-02  8.2775994876e-02  9.5833628460e-03  2.5460664517e+00  1.9174089072e+00 -9.1323192213e-01  3.9977056691e+00  2.7889478944e+00 -1.7066860233e+00  4.7686837123e+00  2.2799812248e+00 -1.8876759406e+00  5.7158081568e+00  3.7404121448e+00 -1.1956376015e+00  4.9461880774e+00  2.9790805432e+00 -2.6742249996e+00  4.2964868340e+00  3.8351556144e+00 -2.0269240884e+00  2.3977994941e+00  3.6938491734e+00 -2.1141668258e+00 -3.3981519687e-02
ENERGY -2.311151236609e+01

JOB 2
COORDS  1.7144774800e+00 -1.1825511535e+00 -1.2208897805e+00  1.7885947561e+00 -1.1272691828e+00 -1.4548734329e-01  2.8779447169e+00 -1.6720220093e+00  5.0774031323e-01  2.9840614575e+00 -1.6067609813e+00  1.8873138479e+00  1.9790713642e+00 -9.9809432239e-01  2.6311752953e+00  8.8730977847e-01 -4.3610342643e-01  1.9676253500e+00  7.9634266820e-01 -5.0130564536e-01  5.9299979472e-01 -5.6030207516e-02 -6.4884007901e-02  9.3675370434e-02  1.2426876707e-01  4.6995595635e-02  2.5575434430e+00  1.9826806706e+00 -8.5590974897e-01  3.9870766827e+00  2.7823129717e+00 -1.7009465339e+00  4.7838525603e+00  2.1642840067e+00 -2.0269207882e+00  5.6229736192e+00  3.6587541369e+00 -1.1616102785e+00  5.1530472165e+00  3.1065114920e+00 -2.5917873268e+00  4.2426077982e+00  3.8603050279e+00 -2.0173683908e+00  2.3661787202e+00  3.6648318239e+00 -2.1494822182e+00 -5.7982744323e-02
ENERGY -2.310999031144e+01

JOB 3
COORDS  1.8094785902e+00 -9.7818739564e-01 -1.2325068405e+00  1.8221978038e+00 -1.0414172318e+00 -1.5510328620e-01  2.7759489323e+00 -1.8076669273e+00  4.8780736049e-01  2.8026578287e+00 -1.8968507067e+00  1.8696749988e+00  1.8688925115e+00 -1.1998328598e+00  2.6292262636e+00  8.9880241650e-01 -4.3854855256e-01  1.9745782802e+00  8.7713034458e-01 -3.6228503282e-01  5.9771033707e-01  1.2129202755e-01  2.3399936604e-01  1.0833646142e-01  1.7033461623e-01  8.3581114741e-02  2.5749199246e+00  1.7700361871e+00 -1.2267576793e+00  3.9891215881e+00  2.8765532530e+00 -1.5742443511e+00  4.7929417336e+00  2.6240283811e+00 -2.4571843842e+00  5.3854811512e+00  3.0616761519e+00 -7.4228047941e-01  5.4801729358e+00  3.7824799992e+00 -1.7576215951e+00  4.2191504944e+00  3.5451379615e+00 -2.5269815375e+00  2.3359544475e+00  3.5090739053e+00 -2.3537421663e+00 -8.8015706632e-02
ENERGY -2.310888434662e+01

JOB 4
COORDS  1.8072603728e+00 -1.0229429721e+00 -1.2246784988e+00  1.8186323408e+00 -1.0667344538e+00 -1.4627241327e-01  2.7594263864e+00 -1.8380549668e+00  5.0957492233e-01  2.7838822548e+00 -1.9027950829e+00  1.8929948376e+00  1.8612613301e+00 -1.1752117820e+00  2.6367349965e+00  9.0357180414e-01 -4.0856354926e-01  1.9712408913e+00  8.8481799233e-01 -3.5734576735e-01  5.9315310955e-01  1.4003309582e-01  2.4280297547e-01  9.1659037699e-02  1.8484372953e-01  1.3707344410e-01  2.5622801834e+00  1.7773929396e+00 -1.1758609548e+00  3.9975440789e+00  2.8901339386e+00 -1.5685221108e+00  4.7694879801e+00  2.7324684061e+00 -2.5709841745e+00  5.1793013076e+00  2.9508831530e+00 -8.6780918523e-01  5.6058970686e+00  3.8247488338e+00 -1.5294184474e+00  4.2103615962e+00  3.5133225384e+00 -2.5349964052e+00  2.3765663894e+00  3.4830417943e+00 -2.4066569860e+00 -5.6395343705e-02
ENERGY -2.311015619100e+01

JOB 5
COORDS  1.7858607995e+00 -1.0852865635e+00 -1.2201987799e+00  1.8056633246e+00 -1.0990269795e+00 -1.4113021039e-01  2.7489088714e+00 -1.8564707561e+00  5.2683531203e-01  2.7859436699e+00 -1.8834663241e+00  1.9114870812e+00  1.8709919267e+00 -1.1330953108e+00  2.6414569150e+00  9.1175395525e-01 -3.7821431249e-01  1.9647300078e+00  8.8205819064e-01 -3.6370109643e-01  5.8619237898e-01  1.3630961838e-01  2.2669979368e-01  7.4635647186e-02  2.0185425153e-01  1.8770384004e-01  2.5472844257e+00  1.8072288997e+00 -1.0895439778e+00  4.0026972290e+00  2.8944624543e+00 -1.5728376575e+00  4.7559837164e+00  2.7775130085e+00 -2.6392972802e+00  4.9767000468e+00  2.8694280692e+00 -1.0263373001e+00  5.7002790991e+00  3.8523092273e+00 -1.3898593189e+00  4.2654252983e+00  3.5193738515e+00 -2.5011593510e+00  2.4069668044e+00  3.4660607922e+00 -2.4421278239e+00 -2.9894828309e-02
ENERGY -2.311166160463e+01

JOB 6
COORDS  1.7432254780e+00 -1.1569189002e+00 -1.2153673962e+00  1.7833503340e+00 -1.1362798840e+00 -1.3691568839e-01  2.7383480298e+00 -1.8708417865e+00  5.3979579189e-01  2.7998697119e+00 -1.8528625313e+00  1.9239697816e+00  1.8941308862e+00 -1.0828352407e+00  2.6441301900e+00  9.2622798823e-01 -3.4620599544e-01  1.9598750068e+00  8.7436612427e-01 -3.7517752667e-01  5.8222850513e-01  1.2156239410e-01  2.0071237751e-01  6.4581162310e-02  2.2768976504e-01  2.4024319679e-01  2.5357819216e+00  1.8566939270e+00 -9.9122343318e-01  4.0041332536e+00  2.8936178197e+00 -1.5817344474e+00  4.7485493127e+00  2.7932800666e+00 -2.6722412831e+00  4.7793808492e+00  2.7871590537e+00 -1.1932259890e+00  5.7614431312e+00  3.8793743682e+00 -1.3096946969e+00  4.3617172611e+00  3.5489550186e+00 -2.4455020277e+00  2.4259912358e+00  3.4478699451e+00 -2.4722322508e+00 -9.8441748929e-03
ENERGY -2.311281539031e+01

JOB 7
COORDS  1.6886267365e+00 -1.2330442708e+00 -1.2091841819e+00  1.7551317609e+00 -1.1751589917e+00 -1.3340952963e-01  2.7304295347e+00 -1.8816617282e+00  5.4378773982e-01  2.8260683112e+00 -1.8159183177e+00  1.9247802917e+00  1.9310269082e+00 -1.0306487849e+00  2.6418652120e+00  9.4702104904e-01 -3.1697471555e-01  1.9557598237e+00  8.6270185686e-01 -3.9071152786e-01  5.8157194588e-01  9.6487654677e-02  1.6666265111e-01  6.3337190093e-02  2.6164793887e-01  2.8782455612e-01  2.5284767056e+00  1.9275195355e+00 -8.8862580722e-01  3.9980602438e+00  2.8839025588e+00 -1.5926068866e+00  4.7506865201e+00  2.7925166375e+00 -2.6745238966e+00  4.6084389330e+00  2.6785927014e+00 -1.3480938662e+00  5.7917225214e+00  3.9031810861e+00 -1.2792292675e+00  4.5009384385e+00  3.5992507121e+00 -2.3777318404e+00  2.4253219054e+00  3.4316159283e+00 -2.4955777247e+00 -2.7036159816e-03
ENERGY -2.311319120708e+01

JOB 8
COORDS  1.6288729695e+00 -1.3017895420e+00 -1.2006172573e+00  1.7246983642e+00 -1.2109266778e+00 -1.2933565074e-01  2.7209763572e+00 -1.8933834055e+00  5.4192883363e-01  2.8555314144e+00 -1.7862453277e+00  1.9169601421e+00  1.9732991549e+00 -9.8616342351e-01  2.6342482219e+00  9.7178350871e-01 -2.9126536163e-01  1.9541126269e+00  8.5166529160e-01 -4.0478767217e-01  5.8535825336e-01  7.1470689496e-02  1.3690960774e-01  7.1410458941e-02  3.0182118524e-01  3.3069520887e-01  2.5267912690e+00  2.0092436120e+00 -7.9965879283e-01  3.9844254034e+00  2.8710290148e+00 -1.5997694520e+00  4.7567358305e+00  2.8165106293e+00 -2.6528008079e+00  4.4652842267e+00  2.5450972357e+00 -1.4846564634e+00  5.7890849301e+00  3.9104291809e+00 -1.2629438459e+00  4.6675242575e+00  3.6522432636e+00 -2.3204922078e+00  2.4111584954e+00  3.4110490389e+00 -2.5187422551e+00 -5.6198979843e-03
ENERGY -2.311265585068e+01

JOB 9
COORDS  1.5694314032e+00 -1.3569354021e+00 -1.1925304493e+00  1.6940912091e+00 -1.2405911847e+00 -1.2673866814e-01  2.7087655333e+00 -1.9084722303e+00  5.3200199385e-01  2.8796434019e+00 -1.7674871358e+00  1.8996212314e+00  2.0158377378e+00 -9.5392850247e-01  2.6243945265e+00  9.9978339477e-01 -2.7079252476e-01  1.9543803274e+00  8.4323359699e-01 -4.1463149178e-01  5.9192478607e-01  5.0878192606e-02  1.1761035499e-01  8.6666341445e-02  3.4719581033e-01  3.6691974429e-01  2.5297142895e+00  2.0941369994e+00 -7.3085993699e-01  3.9669665553e+00  2.8598525836e+00 -1.6010002129e+00  4.7673856857e+00  2.8853611098e+00 -2.6148914826e+00  4.3619088129e+00  2.3964852228e+00 -1.6057107012e+00  5.7532976115e+00  3.8902585090e+00 -1.2373017549e+00  4.8569406582e+00  3.6954629473e+00 -2.2828860839e+00  2.3831622891e+00  3.3853032587e+00 -2.5450618736e+00 -1.9645847790e-02
ENERGY -2.311141189842e+01

JOB 10
COORDS  1.5182155679e+00 -1.3879984295e+00 -1.1892718712e+00  1.6666369700e+00 -1.2590582037e+00 -1.2800712525e-01  2.6888627123e+00 -1.9283470249e+00  5.1782743497e-01  2.8908485564e+00 -1.7715263703e+00  1.8791821490e+00  2.0499180622e+00 -9.4188929009e-01  2.6129768926e+00  1.0275188861e+00 -2.5629016970e-01  1.9548665914e+00  8.4051202802e-01 -4.1477698098e-01  5.9776217172e-01  4.3124683473e-02  1.1977440058e-01  1.0295081895e-01  3.9426399945e-01  3.9617607248e-01  2.5352910256e+00  2.1617642193e+00 -6.9227100816e-01  3.9484398440e+00  2.8573287492e+00 -1.5923892601e+00  4.7819215613e+00  3.0285804934e+00 -2.5570434669e+00  4.3032129708e+00  2.2573681452e+00 -1.7294258506e+00  5.6826625069e+00  3.8274476150e+00 -1.1668390971e+00  5.0605936607e+00  3.7152258275e+00 -2.2865946511e+00  2.3490976767e+00  3.3481043951e+00 -2.5775210885e+00 -4.0056164538e-02
ENERGY -2.310993147005e+01

JOB 11
COORDS  1.4819866407e+00 -1.3954431848e+00 -1.1920890746e+00  1.6452647638e+00 -1.2662979316e+00 -1.3304149673e-01  2.6596016165e+00 -1.9546704351e+00  5.0517422418e-01  2.8806374190e+00 -1.7985569020e+00  1.8635048556e+00  2.0675677186e+00 -9.4785604823e-01  2.6045884857e+00  1.0518952365e+00 -2.4470949964e-01  1.9536344034e+00  8.4555683561e-01 -4.0294000250e-01  5.9933513872e-01  5.3610924251e-02  1.4670170872e-01  1.1242081022e-01  4.3918850462e-01  4.2328757982e-01  2.5385149466e+00  2.1971671573e+00 -6.8185398628e-01  3.9355995949e+00  2.8693901248e+00 -1.5751257333e+00  4.7962744228e+00  3.2500586352e+00 -2.4570861930e+00  4.2836901939e+00  2.1687013458e+00 -1.8868299951e+00  5.5749771128e+00  3.7081592453e+00 -1.0503928016e+00  5.2620719324e+00  3.6985583381e+00 -2.3340501990e+00  2.3219846025e+00  3.2983764043e+00 -2.6201967950e+00 -5.7190008805e-02
ENERGY -2.310879447846e+01

JOB 12
COORDS  1.6351225951e+00 -1.2480003440e+00 -1.2115064960e+00  1.7071779121e+00 -1.2056549191e+00 -1.3539638119e-01  2.5486962244e+00 -2.0683832197e+00  5.4102829800e-01  2.6496276641e+00 -2.0244810234e+00  1.9218335185e+00  1.9073380728e+00 -1.0941527219e+00  2.6411436047e+00  1.0475385071e+00 -2.3401827160e-01  1.9561512870e+00  9.5018218059e-01 -2.9206977890e-01  5.8170774446e-01  2.8315178188e-01  3.8218140991e-01  6.5159835414e-02  4.6614179362e-01  4.7055812549e-01  2.5298927437e+00  1.9065283336e+00 -9.7092038263e-01  3.9988680367e+00  2.9896026740e+00 -1.4649129643e+00  4.7549491837e+00  3.8642193735e+00 -1.6799291037e+00  4.1401938596e+00  2.6939678016e+00 -2.3852646107e+00  5.2704773083e+00  3.2388778252e+00 -7.0613804688e-01  5.4979005997e+00  3.2950874744e+00 -2.7302385875e+00  2.4228750538e+00  3.1324606965e+00 -2.7945959797e+00 -5.8280528845e-03
ENERGY -2.310993195031e+01

JOB 13
COORDS  2.0164699918e+00 -5.4821204269e-01 -1.1670951668e+00  1.9560137171e+00 -7.6675631555e-01 -1.1183607365e-01  3.0436920708e+00 -1.3025694415e+00  5.5105794741e-01  2.9789523254e+00 -1.5878306584e+00  1.9052711669e+00  1.8114907677e+00 -1.3236038667e+00  2.6127682895e+00  7.1046994343e-01 -7.9417681772e-01  1.9379199227e+00  7.8511336294e-01 -5.1977333308e-01  5.8861868556e-01 -7.3544752274e-02 -1.0747618450e-01  7.9588315031e-02 -1.9179696888e-01 -6.0814875735e-01  2.4990479836e+00  1.6286863091e+00 -1.5728893951e+00  3.9404840790e+00  2.7512268307e+00 -1.7975138130e+00  4.7612047059e+00  3.6335076025e+00 -1.2614517103e+00  4.4044754737e+00  2.9895466400e+00 -2.8667458837e+00  4.8056919036e+00  2.4823409021e+00 -1.4503971461e+00  5.7581823006e+00  3.8364256790e+00 -2.0278757116e+00  2.3911819365e+00  3.9571264891e+00 -1.5105993413e+00  1.2888673896e-02
ENERGY -2.311141189861e+01

JOB 14
COORDS  2.0016631892e+00 -6.2738982671e-01 -1.1794057110e+00  1.9472714431e+00 -8.0827404508e-01 -1.1667092349e-01  3.0371582253e+00 -1.3213875512e+00  5.5991978892e-01  2.9815317440e+00 -1.5583075626e+00  1.9241298750e+00  1.8158643491e+00 -1.2709750856e+00  2.6252902776e+00  7.1289885838e-01 -7.5960598976e-01  1.9393819023e+00  7.8144363680e-01 -5.3181530187e-01  5.8136228173e-01 -7.8511911406e-02 -1.3440836192e-01  6.2877463997e-02 -1.8521612539e-01 -5.5038847148e-01  2.4990805863e+00  1.6412513872e+00 -1.4653803055e+00  3.9634870953e+00  2.7564173854e+00 -1.8071111678e+00  4.7502142806e+00  3.6261880580e+00 -1.1880513423e+00  4.5113524019e+00  3.0270193049e+00 -2.8610850512e+00  4.6172604024e+00  2.4580571846e+00 -1.6421182749e+00  5.7841317822e+00  3.8444999682e+00 -1.9726940557e+00  2.4220970290e+00  3.9481842133e+00 -1.5470280252e+00  2.4941610847e-02
ENERGY -2.311265584818e+01

JOB 15
COORDS  1.9755256192e+00 -7.1402483818e-01 -1.1928600904e+00  1.9333148694e+00 -8.5281380537e-01 -1.2327106510e-01  3.0322239202e+00 -1.3356976592e+00  5.6095843605e-01  2.9907472785e+00 -1.5180032605e+00  1.9341495814e+00  1.8308016371e+00 -1.2119613438e+00  2.6361630045e+00  7.2142653628e-01 -7.2508629356e-01  1.9429253568e+00  7.7551093963e-01 -5.4844403580e-01  5.7661223983e-01 -9.0153803891e-02 -1.7098125707e-01  5.2719243395e-02 -1.7037163169e-01 -4.9372186207e-01  2.5038974863e+00  1.6726695077e+00 -1.3496655514e+00  3.9835602230e+00  2.7573699697e+00 -1.8215147317e+00  4.7434864080e+00  3.6279884168e+00 -1.1631112428e+00  4.6559737031e+00  3.0413747238e+00 -2.8382883296e+00  4.4519026385e+00  2.4134895474e+00 -1.8276853633e+00  5.7766382696e+00  3.8643481569e+00 -1.8981542783e+00  2.4404044496e+00  3.9394552235e+00 -1.5768665662e+00  2.6190259022e-02
ENERGY -2.311319120710e+01

JOB 16
COORDS  1.9403370154e+00 -8.0032964157e-01 -1.2041520251e+00  1.9155297324e+00 -8.9715726768e-01 -1.2939478982e-01  3.0273890822e+00 -1.3479484320e+00  5.5624091011e-01  3.0080852343e+00 -1.4761884183e+00  1.9358161286e+00  1.8552613043e+00 -1.1531528505e+00  2.6419188395e+00  7.3498455261e-01 -6.9217577634e-01  1.9489945527e+00  7.6855728421e-01 -5.6658983752e-01  5.7620910668e-01 -1.0565255321e-01 -2.1032983991e-01  5.1654571300e-02 -1.4837857611e-01 -4.4008585088e-01  2.5143859029e+00  1.7216238488e+00 -1.2355750162e+00  3.9964482555e+00  2.7533980772e+00 -1.8354029709e+00  4.7405707953e+00  3.6219135913e+00 -1.1731978760e+00  4.8265272627e+00  3.0581874648e+00 -2.7952715238e+00  4.3149932265e+00  2.3410382467e+00 -2.0002882026e+00  5.7360598596e+00  3.8949044242e+00 -1.8196601196e+00  2.4456737005e+00  3.9285421814e+00 -1.6026667949e+00  1.7503846572e-02
ENERGY -2.311281539050e+01

JOB 17
COORDS  1.9025460522e+00 -8.7419339510e-01 -1.2135591564e+00  1.8959963654e+00 -9.3560740124e-01 -1.3598994746e-01  3.0211949606e+00 -1.3638878236e+00  5.4232792405e-01  3.0269015683e+00 -1.4475599243e+00  1.9251971596e+00  1.8855446891e+00 -1.1067683333e+00  2.6422850631e+00  7.5423530929e-01 -6.6317342256e-01  1.9557685784e+00  7.6283507895e-01 -5.7938093782e-01  5.7940988668e-01 -1.2006030127e-01 -2.3708613744e-01  6.0050189106e-02 -1.1797955663e-01 -3.9089312379e-01  2.5290881610e+00  1.7785287858e+00 -1.1414654318e+00  4.0010642568e+00  2.7461214202e+00 -1.8411978758e+00  4.7475422975e+00  3.5803954159e+00 -1.1868432000e+00  5.0223800534e+00  3.1141744043e+00 -2.7251873866e+00  4.2234252976e+00  2.2452401415e+00 -2.1555325650e+00  5.6647634707e+00  3.9267616191e+00 -1.7641720262e+00  2.4301460063e+00  3.9132849578e+00 -1.6330714341e+00 -4.4490970376e-03
ENERGY -2.311166160453e+01

JOB 18
COORDS  1.8613027813e+00 -9.2517285846e-01 -1.2216035556e+00  1.8757114705e+00 -9.6347227804e-01 -1.4302473997e-01  3.0116695537e+00 -1.3817304609e+00  5.2392607651e-01  3.0426514174e+00 -1.4346667246e+00  1.9077174352e+00  1.9161288711e+00 -1.0759548233e+00  2.6398571474e+00  7.7538782909e-01 -6.4045641211e-01  1.9639480899e+00  7.5874105745e-01 -5.8542413947e-01  5.8598046732e-01 -1.3215753998e-01 -2.4960272382e-01  7.6173547954e-02 -8.4590566308e-02 -3.5035069605e-01  2.5469515350e+00  1.8358235195e+00 -1.0701590007e+00  4.0008686906e+00  2.7398063094e+00 -1.8404755937e+00  4.7609347963e+00  3.4932238895e+00 -1.1947390778e+00  5.2225859913e+00  3.2190601353e+00 -2.6251451058e+00  4.1758995696e+00  2.1569664200e+00 -2.3040504861e+00  5.5607253147e+00  3.9529813464e+00 -1.7396295275e+00  2.4015799522e+00  3.8930144161e+00 -1.6649905103e+00 -3.3070174847e-02
ENERGY -2.311015619109e+01

JOB 19
COORDS  1.8248266371e+00 -9.5042585382e-01 -1.2316309468e+00  1.8564234509e+00 -9.7950084692e-01 -1.5315309115e-01  2.9953297311e+00 -1.4107943892e+00  5.0029371426e-01  3.0482309385e+00 -1.4525903370e+00  1.8836519335e+00  1.9412181621e+00 -1.0689838247e+00  2.6333432446e+00  7.9812864940e-01 -6.2066530271e-01  1.9688513373e+00  7.5870772888e-01 -5.7651501763e-01  5.9097330388e-01 -1.3512479748e-01 -2.2987135080e-01  9.3745872617e-02 -4.7391325533e-02 -3.1028821208e-01  2.5625320107e+00  1.8751929195e+00 -1.0365180324e+00  3.9951060269e+00  2.7367988300e+00 -1.8270742688e+00  4.7849846684e+00  3.3337248357e+00 -1.1733018098e+00  5.4258559384e+00  3.3894344476e+00 -2.4686700060e+00  4.1967753805e+00  2.1130768696e+00 -2.4583782291e+00  5.4261908405e+00  3.9642059105e+00 -1.7688584130e+00  2.3598059276e+00  3.8629379227e+00 -1.7135845247e+00 -6.7876017738e-02
ENERGY -2.310888436743e+01

JOB 20
COORDS  1.9468710440e+00 -7.6213403672e-01 -1.2076670277e+00  1.9109247981e+00 -9.0596470494e-01 -1.3852694105e-01  2.9343114176e+00 -1.5700496379e+00  5.1094702272e-01  2.8988587025e+00 -1.7608973541e+00  1.8824656024e+00  1.8291127184e+00 -1.2693785446e+00  2.6226431788e+00  7.9013100535e-01 -6.1190511303e-01  1.9620969184e+00  8.3346597124e-01 -4.3414586207e-01  5.9511281124e-01  2.3783676132e-02  7.9506019471e-02  9.8217852485e-02 -4.0486938646e-02 -2.5105718371e-01  2.5481705001e+00  1.6746392247e+00 -1.4131762097e+00  3.9695500872e+00  2.7940871984e+00 -1.6796490887e+00  4.7845220862e+00  2.7186272530e+00 -1.0240859665e+00  5.6545139951e+00  3.7348439289e+00 -1.4551005545e+00  4.2783574770e+00  2.7943962881e+00 -2.7252858084e+00  5.1038669373e+00  3.6999480542e+00 -2.3074635557e+00  2.3570539142e+00  3.7722065686e+00 -1.9552328175e+00 -5.1874270827e-02
ENERGY -2.310999031139e+01

JOB 21
COORDS  1.9361054690e+00 -8.2613951951e-01 -1.2092783473e+00  1.9026872952e+00 -9.4001921637e-01 -1.3648268888e-01  2.9240841808e+00 -1.5942916956e+00  5.2543740380e-01  2.8934582478e+00 -1.7472780486e+00  1.9021094324e+00  1.8296626758e+00 -1.2291526141e+00  2.6322597599e+00  7.9355049634e-01 -5.7971374366e-01  1.9593743980e+00  8.3235090195e-01 -4.3823478013e-01  5.8827360727e-01  2.5086838523e-02  6.9021365597e-02  8.0907619430e-02 -3.0610736034e-02 -1.9553839968e-01  2.5396166734e+00  1.6881183246e+00 -1.3280323592e+00  3.9846591883e+00  2.8028788265e+00 -1.6814870924e+00  4.7694746552e+00  2.6599165252e+00 -1.2003579595e+00  5.7374238936e+00  3.7353390102e+00 -1.3061159324e+00  4.3395133357e+00  2.8721553429e+00 -2.7663627708e+00  4.8967843134e+00  3.6938068269e+00 -2.2826328126e+00  2.3897576964e+00  3.7571306848e+00 -1.9996848398e+00 -3.0380797134e-02
ENERGY -2.311151236695e+01

JOB 22
COORDS  1.9060478104e+00 -9.0535507553e-01 -1.2136555163e+00  1.8860874316e+00 -9.8103475314e-01 -1.3711416661e-01  2.9153180905e+00 -1.6104439789e+00  5.3647183533e-01  2.9033803111e+00 -1.7150042163e+00  1.9181721758e+00  1.8446844961e+00 -1.1749102612e+00  2.6391378392e+00  8.0200762398e-01 -5.4538643974e-01  1.9573450028e+00  8.2550035122e-01 -4.5106465837e-01  5.8201893743e-01  1.3307423617e-02  3.9873200234e-02  6.6590087624e-02 -1.4111744233e-02 -1.3907222404e-01  2.5339307668e+00  1.7218408007e+00 -1.2193169539e+00  3.9963730582e+00  2.8066440071e+00 -1.6894659007e+00  4.7585282703e+00  2.6015472014e+00 -1.3884800711e+00  5.7851518561e+00  3.7492944733e+00 -1.2311228263e+00  4.4427169428e+00  2.8959639774e+00 -2.7792765876e+00  4.7027446543e+00  3.7149553283e+00 -2.2234215963e+00  2.4154493858e+00  3.7432533279e+00 -2.0325380761e+00 -1.4410986030e-02
ENERGY -2.311273198506e+01

JOB 23
COORDS  1.8633433078e+00 -9.9025805508e-01 -1.2179758792e+00  1.8637758486e+00 -1.0244467745e+00 -1.3913070866e-01  2.9085626514e+00 -1.6233143117e+00  5.3831327695e-01  2.9214243104e+00 -1.6740043466e+00  1.9231311689e+00  1.8716275951e+00 -1.1163649748e+00  2.6436705083e+00  8.1712352028e-01 -5.1183342545e-01  1.9574675090e+00  8.1632856618e-01 -4.6802851477e-01  5.7934040778e-01 -5.8616545382e-03  2.7947273018e-03  6.0983240324e-02  1.1110022426e-02 -8.4382089147e-02  2.5329844566e+00  1.7754420895e+00 -1.1060246483e+00  4.0038833045e+00  2.8050196594e+00 -1.6986728280e+00  4.7559583991e+00  2.5185254556e+00 -1.5731821545e+00  5.7991075994e+00  3.7663051067e+00 -1.2031965285e+00  4.5839193126e+00  2.9021411593e+00 -2.7667490017e+00  4.5347511647e+00  3.7509239744e+00 -2.1482875515e+00  2.4241505672e+00  3.7299292980e+00 -2.0600699415e+00 -1.1104183886e-02
ENERGY -2.311319502930e+01

