#    QMEnergy      MMEnergy  Delta(MM-QM)        Weight
 5.210998e+00  4.589818e+00 -6.211804e-01  1.256423e-01
 5.032699e+00  4.510610e+00 -5.220898e-01  1.282354e-01
 4.484341e+00  4.164795e+00 -3.195457e-01  1.372875e-01
 3.447222e+00  3.417022e+00 -3.020020e-02  1.607618e-01
 2.084373e+00  2.310903e+00  2.265300e-01  2.152172e-01
 7.998389e-01  1.047435e+00  2.475962e-01  2.613876e-01
 1.940412e-02  1.589212e-01  1.395171e-01  2.613876e-01
 2.921057e-05 -2.177511e-02 -2.180432e-02  2.613876e-01
 7.285975e-01  6.986981e-01 -2.989942e-02  2.613876e-01
 1.889364e+00  1.895878e+00  6.514028e-03  2.259503e-01
 2.942955e+00  3.040628e+00  9.767264e-02  1.768235e-01
 3.366410e+00  3.517343e+00  1.509329e-01  1.630800e-01
 2.942955e+00  3.040698e+00  9.774313e-02  1.768235e-01
 1.889362e+00  1.895122e+00  5.760507e-03  2.259504e-01
 7.285884e-01  6.975174e-01 -3.107098e-02  2.613876e-01
 0.000000e+00  0.000000e+00  0.000000e+00  2.613876e-01
 1.940469e-02  1.591034e-01  1.396988e-01  2.613876e-01
 7.998387e-01  1.047662e+00  2.478231e-01  2.613876e-01
 2.084374e+00  2.311108e+00  2.267338e-01  2.152171e-01
 3.447223e+00  3.417063e+00 -3.015957e-02  1.607617e-01
 4.484344e+00  4.164253e+00 -3.200912e-01  1.372874e-01
 5.032698e+00  4.510525e+00 -5.221734e-01  1.282354e-01
 5.210998e+00  4.589714e+00 -6.212834e-01  1.256423e-01
 5.236732e+00  4.591056e+00 -6.456760e-01  1.252804e-01
