JOB 0
COORDS  2.0835062559e+00 -1.0603897583e+00 -1.1749004600e+00  1.9396384275e+00 -1.0464470671e+00 -1.0445591184e-01  3.0260545504e+00 -1.2105830211e+00  7.4052290756e-01  2.8496035073e+00 -1.1921327329e+00  2.1114852719e+00  1.5750217493e+00 -1.0076583079e+00  2.6408529889e+00  4.8342979166e-01 -8.5318315860e-01  1.7887920955e+00  6.6880042093e-01 -8.6778055614e-01  4.1999487252e-01 -1.7604194546e-01 -7.4285440309e-01 -2.4069430963e-01 -4.9683570538e-01 -7.2135699747e-01  2.2211739338e+00  1.3363139185e+00 -1.0078945632e+00  4.1002347776e+00  2.5320491081e-01 -1.1124393342e+00  4.6203504509e+00  2.4622353717e+00 -8.9331722448e-01  4.8243628305e+00  2.2443808175e+00 -9.0945140491e-01  5.7692368649e+00  3.6888251806e+00 -1.3199993935e+00  2.7771854152e+00  4.0134155694e+00 -1.3550473151e+00  3.2761730965e-01
ENERGY -2.617276992394e+01

JOB 1
COORDS  2.0844606806e+00 -1.0418797695e+00 -1.1741361613e+00  1.9401399249e+00 -1.0358874547e+00 -1.0373878025e-01  3.0207509496e+00 -1.2410676303e+00  7.3926332781e-01  2.8439185366e+00 -1.2315988433e+00  2.1105081007e+00  1.5758451323e+00 -1.0141948099e+00  2.6412102956e+00  4.8808909200e-01 -8.2835455916e-01  1.7915019731e+00  6.7438734476e-01 -8.2929924703e-01  4.2242577722e-01 -1.6680205741e-01 -6.7501267204e-01 -2.3675015378e-01 -4.9054245383e-01 -6.8068256519e-01  2.2223955422e+00  1.3412519635e+00 -1.0533571554e+00  4.1018528964e+00  3.0738082035e-01 -1.3862309155e+00  4.6242305881e+00  2.4243472353e+00 -7.0918187068e-01  4.8175312357e+00  2.2258226742e+00 -7.7158565807e-01  5.7649500205e+00  3.6790055896e+00 -1.3904361969e+00  2.7751127573e+00  4.0034973881e+00 -1.4117658903e+00  3.2540161837e-01
ENERGY -2.617192630249e+01

JOB 2
COORDS  2.0823552376e+00 -1.0229133319e+00 -1.1746716133e+00  1.9402025996e+00 -1.0261256023e+00 -1.0400748951e-01  3.0143102516e+00 -1.2726097087e+00  7.3555619364e-01  2.8382667866e+00 -1.2736982318e+00  2.1073376471e+00  1.5785392440e+00 -1.0245961847e+00  2.6418248852e+00  4.9522840639e-01 -8.0388424097e-01  1.7964006484e+00  6.8180006313e-01 -7.9098366252e-01  4.2687241129e-01 -1.5570656291e-01 -6.0579422062e-01 -2.2897746033e-01 -4.8115175239e-01 -6.3745767662e-01  2.2256320069e+00  1.3535862452e+00 -1.0994281784e+00  4.1052591957e+00  4.1863228855e-01 -1.6454844608e+00  4.6319319426e+00  2.3463727546e+00 -5.3456483718e-01  4.8099804570e+00  2.1774769976e+00 -6.3231883384e-01  5.7604950673e+00  3.6700960411e+00 -1.4628073112e+00  2.7684845407e+00  3.9915442198e+00 -1.4678687564e+00  3.1964060464e-01
ENERGY -2.617050780134e+01

JOB 3
COORDS  2.0783198681e+00 -9.9585336754e-01 -1.1750600509e+00  1.9391104222e+00 -1.0137553547e+00 -1.0425400113e-01  3.0078469347e+00 -1.3071886459e+00  7.2635999663e-01  2.8360211088e+00 -1.3272371152e+00  2.0988945858e+00  1.5870224546e+00 -1.0499659896e+00  2.6422061447e+00  5.0836970105e-01 -7.8243432785e-01  1.8064546941e+00  6.9081530728e-01 -7.5033248851e-01  4.3600962261e-01 -1.4360063436e-01 -5.2817693557e-01 -2.1230576718e-01 -4.6294720505e-01 -5.9341241152e-01  2.2379879387e+00  1.3771912808e+00 -1.1498826846e+00  4.1105338262e+00  5.8938113451e-01 -1.8830960933e+00  4.6473983084e+00  2.2195217639e+00 -3.6560448485e-01  4.7986064992e+00  2.0809912162e+00 -4.7763124548e-01  5.7528828436e+00  3.6656832578e+00 -1.5521500273e+00  2.7519084739e+00  3.9778262101e+00 -1.5238140661e+00  3.0413592290e-01
ENERGY -2.616878410472e+01

JOB 4
COORDS  2.0658269819e+00 -9.5683475213e-01 -1.1761241780e+00  1.9361500873e+00 -9.9725726581e-01 -1.0479041017e-01  3.0021657237e+00 -1.3440856611e+00  7.0814760795e-01  2.8415329041e+00 -1.3943200049e+00  2.0815640886e+00  1.6068408550e+00 -1.0943136274e+00  2.6431597313e+00  5.3233697647e-01 -7.6449014483e-01  1.8266595766e+00  7.0302166971e-01 -7.0712695658e-01  4.5482510115e-01 -1.3006065492e-01 -4.4106910792e-01 -1.7851045999e-01 -4.2898211230e-01 -5.4955857474e-01  2.2687002536e+00  1.4183718898e+00 -1.2028539988e+00  4.1181781231e+00  8.2369363310e-01 -2.0837055336e+00  4.6786978889e+00  2.0331693368e+00 -2.1065654879e-01  4.7756757438e+00  1.9150917714e+00 -3.1343830851e-01  5.7341334764e+00  3.6703862908e+00 -1.6629608355e+00  2.7192363831e+00  3.9620074678e+00 -1.5778639173e+00  2.7220611105e-01
ENERGY -2.616731621961e+01

JOB 5
COORDS  2.0490852496e+00 -9.2429646819e-01 -1.1756258241e+00  1.9337621777e+00 -9.8543292439e-01 -1.0364206878e-01  2.9978064637e+00 -1.3884834010e+00  6.8536087384e-01  2.8537545594e+00 -1.4680159714e+00  2.0594546257e+00  1.6377601395e+00 -1.1415041076e+00  2.6452017903e+00  5.6899283465e-01 -7.3948595738e-01  1.8547711947e+00  7.2112194188e-01 -6.6224059142e-01  4.8146594488e-01 -1.1000086726e-01 -3.4895003420e-01 -1.3254031129e-01 -3.7576524260e-01 -4.9093573274e-01  2.3147651151e+00  1.4730089987e+00 -1.2405544486e+00  4.1258747246e+00  1.1012532053e+00 -2.2147593928e+00  4.7218263265e+00  1.7945991226e+00 -9.3397147340e-02  4.7374874489e+00  1.6820307182e+00 -1.7617398375e-01  5.6987189359e+00  3.6804188715e+00 -1.7841290057e+00  2.6780293673e+00  3.9437246479e+00 -1.6421760717e+00  2.3061089394e-01
ENERGY -2.616672058048e+01

JOB 6
COORDS  2.0238983156e+00 -9.1087401306e-01 -1.1755538682e+00  1.9257099472e+00 -9.8196969358e-01 -1.0245919540e-01  2.9900921379e+00 -1.4298021215e+00  6.6193291120e-01  2.8664447572e+00 -1.5247666222e+00  2.0368281587e+00  1.6710777304e+00 -1.1693990617e+00  2.6487218174e+00  6.0783278769e-01 -7.0690004775e-01  1.8838450002e+00  7.3600057020e-01 -6.2313763556e-01  5.0861674103e-01 -9.3823149363e-02 -2.7182099333e-01 -8.6315998246e-02 -3.1624228797e-01 -4.2316897512e-01  2.3647835441e+00  1.5383119488e+00 -1.2544280516e+00  4.1318157707e+00  1.4097146879e+00 -2.2666544531e+00  4.7662480239e+00  1.5428778813e+00 -4.0131565404e-02  4.6977742952e+00  1.4390954184e+00 -1.1387309871e-01  5.6605939005e+00  3.6906592699e+00 -1.8784857758e+00  2.6379284971e+00  3.9199028056e+00 -1.7051231296e+00  1.8699943923e-01
ENERGY -2.616724824063e+01

JOB 7
COORDS  2.0038087742e+00 -9.1893640136e-01 -1.1765313307e+00  1.9193095660e+00 -9.8742910429e-01 -1.0204330826e-01  2.9796842493e+00 -1.4722864942e+00  6.4582531402e-01  2.8726607065e+00 -1.5653425127e+00  2.0217252364e+00  1.6979208442e+00 -1.1710126480e+00  2.6518016138e+00  6.4216500026e-01 -6.6378579222e-01  1.9034291547e+00  7.5187921855e-01 -5.8679191946e-01  5.2664580479e-01 -7.3146546116e-02 -2.0577601523e-01 -5.6606435190e-02 -2.6155268546e-01 -3.4446944191e-01  2.4000143523e+00  1.5964290045e+00 -1.2427548451e+00  4.1339544843e+00  1.7085418184e+00 -2.2410864406e+00  4.7950790157e+00  1.3076016764e+00 -4.9074613886e-02  4.6722053316e+00  1.2234053446e+00 -1.2621884425e-01  5.6363078227e+00  3.6901484433e+00 -1.9487672990e+00  2.6135650123e+00  3.8926974062e+00 -1.7768028658e+00  1.5638696905e-01
ENERGY -2.616864442011e+01

JOB 8
COORDS  1.9886730963e+00 -9.3930875241e-01 -1.1792224753e+00  1.9140605704e+00 -9.9722018451e-01 -1.0331791152e-01  2.9666302145e+00 -1.5128707118e+00  6.3580391060e-01  2.8713850995e+00 -1.5919213787e+00  2.0127836059e+00  1.7174240984e+00 -1.1528007744e+00  2.6543384806e+00  6.7010047585e-01 -6.1657975661e-01  1.9127970308e+00  7.6704968018e-01 -5.5328832290e-01  5.3473154052e-01 -5.1113479514e-02 -1.5000356424e-01 -4.3286744417e-02 -2.1645628101e-01 -2.6544067627e-01  2.4181731061e+00  1.6441545613e+00 -1.2154775829e+00  4.1344176728e+00  1.9849076384e+00 -2.1537229375e+00  4.8074671940e+00  1.1023117071e+00 -1.0853217938e-01  4.6656908676e+00  1.0504512819e+00 -1.9379979173e-01  5.6309683286e+00  3.6790644306e+00 -1.9982216535e+00  2.6026156841e+00  3.8629097269e+00 -1.8513469711e+00  1.3779874726e-01
ENERGY -2.617036086330e+01

JOB 9
COORDS  1.9715061133e+00 -9.6905724930e-01 -1.1828970395e+00  1.9069288260e+00 -1.0112477822e+00 -1.0554364994e-01  2.9508226793e+00 -1.5517053731e+00  6.2888977086e-01  2.8683765349e+00 -1.6096800419e+00  2.0070876944e+00  1.7361895746e+00 -1.1234446828e+00  2.6558132027e+00  6.9510310019e-01 -5.6835138808e-01  1.9176158786e+00  7.8091760296e-01 -5.2328175593e-01  5.3844919956e-01 -3.0319432662e-02 -1.0272562790e-01 -3.7068449345e-02 -1.7538410311e-01 -1.8674876927e-01  2.4283395000e+00  1.6838699788e+00 -1.1792633719e+00  4.1339537702e+00  2.2303402313e+00 -2.0124054923e+00  4.8120087637e+00  9.2598658420e-01 -2.0777917680e-01  4.6682265939e+00  9.1072627656e-01 -2.9661459184e-01  5.6340829070e+00  3.6672304224e+00 -2.0318946762e+00  2.5977501006e+00  3.8292584319e+00 -1.9263352585e+00  1.2505079473e-01
ENERGY -2.617184192566e+01

JOB 10
COORDS  1.9549870875e+00 -9.9939423768e-01 -1.1863607602e+00  1.9000821178e+00 -1.0255153206e+00 -1.0790993612e-01  2.9334414194e+00 -1.5898199884e+00  6.2394941266e-01  2.8626774277e+00 -1.6251127168e+00  2.0031200482e+00  1.7537231703e+00 -1.0925346466e+00  2.6572694761e+00  7.2016806646e-01 -5.2058151572e-01  1.9200813423e+00  7.9613620480e-01 -4.9380207012e-01  5.4004877717e-01 -6.8061231262e-03 -5.5669146386e-02 -3.4022712019e-02 -1.3439483443e-01 -1.0811538912e-01  2.4332932695e+00  1.7167859944e+00 -1.1395533839e+00  4.1348693982e+00  2.4373567390e+00 -1.8226228019e+00  4.8195694351e+00  7.7619504669e-01 -3.4322018370e-01  4.6699790496e+00  7.9483316190e-01 -4.2178068190e-01  5.6364323015e+00  3.6529694293e+00 -2.0618201822e+00  2.5947192369e+00  3.7933979129e+00 -2.0009929729e+00  1.1672069869e-01
ENERGY -2.617274859188e+01

JOB 11
COORDS  1.9376833463e+00 -1.0318958267e+00 -1.1880875583e+00  1.8918974458e+00 -1.0407084523e+00 -1.0893058940e-01  2.9138740792e+00 -1.6274923701e+00  6.2139079211e-01  2.8559176633e+00 -1.6392787990e+00  2.0013721641e+00  1.7711758701e+00 -1.0614683951e+00  2.6583320889e+00  7.4623155904e-01 -4.7267856692e-01  1.9218721450e+00  8.1143158262e-01 -4.6490874722e-01  5.4112969128e-01  1.7759382043e-02 -8.9532749309e-03 -3.2001254160e-02 -9.0433561200e-02 -2.7003142259e-02  2.4366087769e+00  1.7452535820e+00 -1.0947464362e+00  4.1362315885e+00  2.6010901807e+00 -1.5895811598e+00  4.8276185173e+00  6.5729631941e-01 -5.1119318609e-01  4.6669246980e+00  6.9960872821e-01 -5.6589042505e-01  5.6341948657e+00  3.6385180746e+00 -2.0896424383e+00  2.5929466546e+00  3.7542485688e+00 -2.0750940181e+00  1.1215645693e-01
ENERGY -2.617303431612e+01

JOB 12
COORDS  1.9199120615e+00 -1.0629611211e+00 -1.1883857142e+00  1.8836602355e+00 -1.0552764270e+00 -1.0885812701e-01  2.8923403061e+00 -1.6643077677e+00  6.2157648387e-01  2.8472829559e+00 -1.6530115717e+00  2.0022310415e+00  1.7877701653e+00 -1.0308317694e+00  2.6592356365e+00  7.7266433650e-01 -4.2544428630e-01  1.9231112846e+00  8.2771664376e-01 -4.3656779523e-01  5.4187133370e-01  4.4386541931e-02  3.7109189916e-02 -3.1067679780e-02 -4.5786255721e-02  5.2468393950e-02  2.4384078310e+00  1.7680236527e+00 -1.0466950957e+00  4.1378279895e+00  2.7114770644e+00 -1.3258307833e+00  4.8353945750e+00  5.7858603346e-01 -7.0134939302e-01  4.6585721888e+00  6.2891792760e-01 -7.2246907511e-01  5.6268550446e+00  3.6221863387e+00 -2.1176083336e+00  2.5929415965e+00  3.7124148132e+00 -2.1477594027e+00  1.1204555280e-01
ENERGY -2.617274859193e+01

JOB 13
COORDS  1.9029876608e+00 -1.0932338962e+00 -1.1868523114e+00  1.8751889815e+00 -1.0687702214e+00 -1.0737586337e-01  2.8692618451e+00 -1.6995188834e+00  6.2418172332e-01  2.8371716160e+00 -1.6662333475e+00  2.0052864486e+00  1.8045831785e+00 -9.9949470307e-01  2.6597614547e+00  7.9973781268e-01 -3.7872165961e-01  1.9236557977e+00  8.4455999063e-01 -4.0794177903e-01  5.4212283348e-01  7.1701520310e-02  8.2168517617e-02 -3.1179258675e-02 -1.0525861185e-03  1.2919321419e-01  2.4384026465e+00  1.7840533419e+00 -9.9769942608e-01  4.1397371598e+00  2.7616547916e+00 -1.0494982360e+00  4.8426783265e+00  5.4406334725e-01 -8.9994319276e-01  4.6461802939e+00  5.8501042514e-01 -8.8691108637e-01  5.6152811989e+00  3.6044170491e+00 -2.1457324906e+00  2.5941241490e+00  3.6682138465e+00 -2.2181980477e+00  1.1575443865e-01
ENERGY -2.617184192531e+01

JOB 14
COORDS  1.8869010865e+00 -1.1237511634e+00 -1.1850974298e+00  1.8670764704e+00 -1.0823702270e+00 -1.0603024782e-01  2.8446819714e+00 -1.7338792257e+00  6.2876415438e-01  2.8236111673e+00 -1.6785019759e+00  2.0100256110e+00  1.8194261163e+00 -9.6794173841e-01  2.6602269800e+00  8.2729621296e-01 -3.3169320871e-01  1.9218710273e+00  8.6262639640e-01 -3.8007375070e-01  5.4024860002e-01  1.0073971547e-01  1.2520170128e-01 -3.4521005419e-02  4.3827378137e-02  2.0627329887e-01  2.4331977904e+00  1.7934632355e+00 -9.4488320034e-01  4.1430370010e+00  2.7502839752e+00 -7.6662303624e-01  4.8516483970e+00  5.5431499844e-01 -1.1016718358e+00  4.6340583308e+00  5.7273351863e-01 -1.0595720385e+00  5.6033926448e+00  3.5821348781e+00 -2.1738876610e+00  2.5970200215e+00  3.6224357000e+00 -2.2871611764e+00  1.2391716218e-01
ENERGY -2.617036086293e+01

JOB 15
COORDS  1.8776824434e+00 -1.1475159601e+00 -1.1838117773e+00  1.8615657936e+00 -1.0920787089e+00 -1.0537643809e-01  2.8170699984e+00 -1.7669943115e+00  6.3643838732e-01  2.8015836751e+00 -1.6941567534e+00  2.0176222523e+00  1.8244835839e+00 -9.4164222948e-01  2.6591073548e+00  8.5254780028e-01 -2.8250690792e-01  1.9155736970e+00  8.8307137155e-01 -3.4903092584e-01  5.3421913497e-01  1.3648861516e-01  1.7414819045e-01 -4.4504926523e-02  8.7060265983e-02  2.8732536457e-01  2.4201383175e+00  1.7910699962e+00 -8.9000488656e-01  4.1451899715e+00  2.6770102737e+00 -4.8591954916e-01  4.8509845332e+00  6.1341304441e-01 -1.3071601336e+00  4.6321325861e+00  6.0774264364e-01 -1.2419902214e+00  5.6007679993e+00  3.5459494359e+00 -2.2101014917e+00  2.6052409316e+00  3.5748138796e+00 -2.3529067135e+00  1.3803701400e-01
ENERGY -2.616864441998e+01

JOB 16
COORDS  1.8815593642e+00 -1.1688357416e+00 -1.1837700208e+00  1.8603767389e+00 -1.1003735236e+00 -1.0623030271e-01  2.7862759938e+00 -1.7991804919e+00  6.5016778125e-01  2.7635605273e+00 -1.7112254378e+00  2.0308891714e+00  1.8088804705e+00 -9.1965840227e-01  2.6566764989e+00  8.7120293797e-01 -2.2959181129e-01  1.8990482171e+00  9.0580870477e-01 -3.1539225809e-01  5.1841921868e-01  1.8208609661e-01  2.2821275446e-01 -7.0388780018e-02  1.2535620059e-01  3.7714437615e-01  2.3902750059e+00  1.7699864762e+00 -8.3456199137e-01  4.1451889787e+00  2.5399579867e+00 -2.1830246902e-01  4.8314923067e+00  7.3069872034e-01 -1.5120522913e+00  4.6508899727e+00  7.1173556688e-01 -1.4320738001e+00  5.6186058185e+00  3.4861550993e+00 -2.2491117774e+00  2.6261233791e+00  3.5279119365e+00 -2.4155323729e+00  1.6437179201e-01
ENERGY -2.616724824059e+01

JOB 17
COORDS  1.9063454071e+00 -1.1829837130e+00 -1.1838648772e+00  1.8676320072e+00 -1.1052805576e+00 -1.0745899194e-01  2.7548331977e+00 -1.8288266783e+00  6.7133542789e-01  2.7082077333e+00 -1.7317931572e+00  2.0510529156e+00  1.7676188039e+00 -9.0616143718e-01  2.6526979286e+00  8.7880876092e-01 -1.7800401675e-01  1.8726556690e+00  9.3165585013e-01 -2.8068712821e-01  4.9361957041e-01  2.3989799158e-01  2.8517649818e-01 -1.1234171792e-01  1.5223002705e-01  4.6595482643e-01  2.3452440483e+00  1.7235761227e+00 -7.8645011953e-01  4.1403386036e+00  2.3327034541e+00  1.7008386840e-02  4.7929140153e+00  9.0896419824e-01 -1.6984403824e+00  4.6863615287e+00  8.9299311763e-01 -1.6061518723e+00  5.6531692705e+00  3.3998495395e+00 -2.2926095442e+00  2.6618332504e+00  3.4862366097e+00 -2.4712863428e+00  2.0420239626e-01
ENERGY -2.616672058050e+01

JOB 18
COORDS  1.9427979841e+00 -1.1797995646e+00 -1.1832259296e+00  1.8789326151e+00 -1.1009518126e+00 -1.0809317837e-01  2.7190138888e+00 -1.8572440218e+00  6.9180251517e-01  2.6387926198e+00 -1.7617487095e+00  2.0698606993e+00  1.7112838138e+00 -9.0503143189e-01  2.6491887415e+00  8.8114407756e-01 -1.3234357705e-01  1.8467947837e+00  9.6065976361e-01 -2.4020584162e-01  4.6969759422e-01  3.0830473940e-01  3.5338646270e-01 -1.5320525927e-01  1.7463156798e-01  5.4437636615e-01  2.3035443559e+00  1.6627618949e+00 -7.5994513834e-01  4.1322855712e+00  2.0749866191e+00  1.8402239088e-01  4.7509295601e+00  1.1343516867e+00 -1.8395925563e+00  4.7237906355e+00  1.1324280874e+00 -1.7318678517e+00  5.6889534013e+00  3.2909579093e+00 -2.3506036673e+00  2.6973334879e+00  3.4405055532e+00 -2.5229862851e+00  2.4210205894e-01
ENERGY -2.616731621964e+01

JOB 19
COORDS  1.9824193927e+00 -1.1696539295e+00 -1.1805955730e+00  1.8944440884e+00 -1.0947032760e+00 -1.0683207928e-01  2.6903642442e+00 -1.8825648673e+00  7.0803343302e-01  2.5786775198e+00 -1.7936236373e+00  2.0840394834e+00  1.6632464380e+00 -9.1182479964e-01  2.6466060274e+00  8.8406864366e-01 -1.0155075929e-01  1.8281421314e+00  9.9117644513e-01 -2.0598357663e-01  4.5334823002e-01  3.7562550413e-01  4.1282332110e-01 -1.8233323852e-01  1.9440675672e-01  5.9791742054e-01  2.2759340100e+00  1.5962172013e+00 -7.5294117353e-01  4.1231769655e+00  1.7812278409e+00  2.7689661974e-01  4.7161987547e+00  1.3641473748e+00 -1.9158084778e+00  4.7492287261e+00  1.3592392498e+00 -1.7856721444e+00  5.7112184527e+00  3.1938964954e+00 -2.4071744469e+00  2.7246745358e+00  3.4023956258e+00 -2.5666715112e+00  2.7091917812e-01
ENERGY -2.616878410470e+01

JOB 20
COORDS  2.0074351358e+00 -1.1586893636e+00 -1.1789961841e+00  1.9054767705e+00 -1.0890580369e+00 -1.0601191731e-01  2.6643346173e+00 -1.9068732629e+00  7.1535399116e-01  2.5343907127e+00 -1.8244161650e+00  2.0897965145e+00  1.6372851376e+00 -9.1813108884e-01  2.6452160037e+00  8.9546057147e-01 -7.8539393082e-02  1.8195041142e+00  1.0209762348e+00 -1.7629027885e-01  4.4645150066e-01  4.3522743991e-01  4.6516279485e-01 -1.9486571322e-01  2.2225993364e-01  6.3734236403e-01  2.2662364071e+00  1.5411137294e+00 -7.5957132513e-01  4.1160844188e+00  1.4896788121e+00  2.9558010611e-01  4.6937603843e+00  1.5743507415e+00 -1.9337075862e+00  4.7654136092e+00  1.5412767625e+00 -1.7853130502e+00  5.7237687564e+00  3.1202811407e+00 -2.4592432819e+00  2.7367465120e+00  3.3620050807e+00 -2.6087876703e+00  2.8330064010e-01
ENERGY -2.617050780132e+01

JOB 21
COORDS  2.0245781464e+00 -1.1504032357e+00 -1.1775929404e+00  1.9136885325e+00 -1.0838241113e+00 -1.0526570228e-01  2.6410077164e+00 -1.9292794165e+00  7.1734218924e-01  2.5017324774e+00 -1.8517468180e+00  2.0907549812e+00  1.6270710150e+00 -9.2135889561e-01  2.6441673895e+00  9.1246841044e-01 -5.9247808141e-02  1.8159996641e+00  1.0495303846e+00 -1.4942273434e-01  4.4408128502e-01  4.8802957504e-01  5.1174703465e-01 -1.9894928239e-01  2.5387559886e-01  6.6843326065e-01  2.2653678795e+00  1.4956788248e+00 -7.7348990474e-01  4.1107672385e+00  1.2113706235e+00  2.5207673685e-01  4.6764130352e+00  1.7633618022e+00 -1.9070925550e+00  4.7793760239e+00  1.6846793296e+00 -1.7523049353e+00  5.7337126565e+00  3.0636781479e+00 -2.5056017136e+00  2.7395923154e+00  3.3208022361e+00 -2.6490201420e+00  2.8599230437e-01
ENERGY -2.617192630246e+01

JOB 22
COORDS  2.0397365093e+00 -1.1397118795e+00 -1.1774271777e+00  1.9223667156e+00 -1.0777473902e+00 -1.0545297313e-01  2.6180340504e+00 -1.9500419799e+00  7.1696955966e-01  2.4713770199e+00 -1.8775965807e+00  2.0896518253e+00  1.6211151905e+00 -9.2412320141e-01  2.6435138155e+00  9.3104386652e-01 -4.1967819301e-02  1.8146308520e+00  1.0791444915e+00 -1.2410889585e-01  4.4368217249e-01  5.4055486764e-01  5.5584274528e-01 -1.9932826926e-01  2.8493436663e-01  6.9545207837e-01  2.2663022027e+00  1.4546560578e+00 -7.9342311783e-01  4.1070663019e+00  9.5112301889e-01  1.5240379045e-01  4.6606374231e+00  1.9390498539e+00 -1.8414930443e+00  4.7941621063e+00  1.8110098213e+00 -1.6948563000e+00  5.7442206916e+00  3.0093182411e+00 -2.5514769166e+00  2.7379604673e+00  3.2780887498e+00 -2.6876867264e+00  2.8517003970e-01
ENERGY -2.617276992403e+01

JOB 23
COORDS  2.0813959657e+00 -1.0828644295e+00 -1.1752199906e+00  1.9381851089e+00 -1.0589315876e+00 -1.0486242685e-01  3.0301223383e+00 -1.1802648486e+00  7.4039462381e-01  2.8547364967e+00 -1.1505359610e+00  2.1112145931e+00  1.5758198306e+00 -9.9818855168e-01  2.6410089043e+00  4.8065856478e-01 -8.7663826515e-01  1.7878020395e+00  6.6356811395e-01 -9.0724170037e-01  4.1904770966e-01 -1.8513553245e-01 -8.1304718501e-01 -2.4182654325e-01 -5.0116619370e-01 -7.5959344631e-01  2.2208459078e+00  1.3386134267e+00 -9.6049664063e-01  4.0999134626e+00  2.5639153724e-01 -8.3110313592e-01  4.6169866066e+00  2.4603107782e+00 -1.0857075560e+00  4.8292760346e+00  2.2385747265e+00 -1.0533716238e+00  5.7727691225e+00  3.6983984157e+00 -1.2443111496e+00  2.7767931684e+00  4.0210792436e+00 -1.2982391570e+00  3.2761582530e-01
ENERGY -2.617303417737e+01

